2 0.7649701141025842 0.18756189883457208 0.06666728174358649 0.036612111795565075
2 0.32419786845226173 0.49280997105924146 0.1763275468904335 0.1058928798517325
1 0.6217357192820987 0.48397808576521345 0.08570254689043359 0.10272818511654283
1 0.13180484583223756 0.7387375738691319 0.15769594606059653 0.10680061542376222
5 0.6077520391935417 0.7096502083605517 0.08234074855010753 0.0994940577118811
5 0.6419577439767153 0.2479587402117171 0.08042305103961844 0.09475199400955017
5 0.1458360701119357 0.502155233124959 0.14327824855010748 0.10162204210278443
5 0.7390738167879434 0.6629884847694216 0.06486798340326061 0.03343254809323426
5 0.7278160854592753 0.6984448351322412 0.05213118506293437 0.029871038474587407
5 0.7274958541306074 0.733519239578745 0.05393048340326061 0.03305060217691817
3 0.7934653188625358 0.6649850051878415 0.06186138257342364 0.03488592068857237
3 0.7918785854592754 0.6962077233366761 0.06186138257342364 0.03488592068857255
3 0.7954646041306073 0.7311457185273527 0.05404888257342346 0.034613102176918174
3 0.15535739314687835 0.2633928334877787 0.17559384108157472 0.11677581614940155
3 0.30668644666207456 0.734188939208076 0.16789974025173776 0.11806549763774718
6 0.5087783910722858 0.24715518676100529 0.1506171518694554 0.0956448606144387
6 0.49601366886718024 0.48758921380284725 0.1568671518694554 0.09586311542376222
6 0.47807619458748213 0.7243079638028472 0.15999215186945542 0.09597224282842376
8 0.33155304024244897 0.2517856669755575 0.1940137995897259 0.1953373257680484
8 0.7511640327692717 0.4108902714299104 0.08743006763635783 0.06382937622353531
8 0.7485942172075063 0.47565217587641406 0.07661096680652087 0.06500993030721922
0 0.7400820549650886 0.5468550532810758 0.08309776514684693 0.06835318511654265
6 0.758729924265765 0.30076130328107575 0.06486798340326061 0.03343254809323426
6 0.7548586404475859 0.3312846169834066 0.06439438672260848 0.02718254809323426
6 0.755130404969733 0.3585465214299104 0.07088118506293437 0.030525802902557686
1 0.819549025095602 0.30019581889017244 0.05681868506293455 0.030034729581579978
1 0.9274207246806835 0.29564967342934334 0.04263778589277152 0.02798115626060227
1 0.9254671383729935 0.3214309234293434 0.04588118506293455 0.02965278366526398
1 0.9270646045548145 0.3517632641735162 0.034706886722608486 0.026145837748947985
1 0.8160329387879119 0.3260316325925033 0.05213118506293455 0.029871038474587407
1 0.8207554049697331 0.3562548459320144 0.06162458423309758 0.031760920688572544
3 0.9031363167879434 0.6572592960246817 0.06197978174358667 0.03644842068857255
3 0.89361868421452 0.6903173326851706 0.04588118506293455 0.02965278366526398
3 0.8919135516410964 0.7231025508340051 0.05873638257342364 0.03477679328391083
4 0.35425222135669115 0.4972147288637897 0.6893122149556431 0.7471528631463276