2 0.29204748440015404 0.7595880419591541 0.06727154409314107 0.04186283235481909
2 0.6836664752490522 0.4200181865666777 0.1780854009982285 0.11972404620293826
1 0.38586435960845494 0.4532467125079716 0.0874604009982285 0.10913150287173075
1 0.8354948494173634 0.15981118516271828 0.1593354009982285 0.11753248551372293
5 0.36166177454214193 0.2278307226228408 0.08404366971703396 0.10564124275686142
5 0.40554632133865043 0.6894581575941234 0.08204357279524199 0.1007711126994268
5 0.8614997439678576 0.39607336001913174 0.14498116971703395 0.11276381499681136
5 0.23747514683826965 0.2849938873324791 0.06541731281194645 0.03855520229738456
5 0.2427869199248299 0.24883317201658875 0.05262558153075183 0.033969161837907616
5 0.23716119301139021 0.21395086710274064 0.05447981281194636 0.03727679189534232
3 0.18242298273677635 0.2874796893426906 0.062438178452543715 0.03975244218251532
3 0.1787244199248299 0.25632100437140787 0.06229231281194645 0.03818994218251533
3 0.1691924430113902 0.2218952746011463 0.054625678452543756 0.03883929189534232
3 0.8924109369792479 0.6341313947032414 0.17754396048241006 0.13047891614550355
3 0.6603489837767661 0.178703251595395 0.16987732612300716 0.1311282658583306
6 0.539650601080741 0.679312037683464 0.15221020715464456 0.10742696528398454
6 0.5117185424287536 0.4393262428844852 0.15846020715464454 0.10815748551372284
6 0.48961989787825944 0.2026074928844852 0.16158520715464456 0.10852274562859207
8 0.7171402167213384 0.6601460261646354 0.19733724251227597 0.21006495660498067
8 0.2680636977947371 0.5365158020740234 0.08850125998329554 0.07061689304403451
8 0.2596665237099482 0.47194599716017527 0.0777096256238929 0.07090098264199227
0 0.2561546370627701 0.400486987045306 0.08425135690508742 0.07475650287173075
6 0.27912847545684827 0.646580737045306 0.06541731281194645 0.03855520229738456
6 0.27784659546520046 0.6159293569878714 0.06483385024955712 0.03230520229738456
6 0.2729501967547473 0.5888595520740234 0.07137558153075182 0.03616072252712286
1 0.2180451098162509 0.6521408092852561 0.05731308153075183 0.03451705201021156
1 0.11030554263654957 0.6655235332482443 0.04310471589015448 0.0313108814932999
1 0.10789875956669377 0.6397422832482442 0.04637558153075179 0.03323864160816914
1 0.101148129575046 0.6097301083918308 0.035146350249557125 0.028835231206126723
1 0.21720082674639513 0.6261769292278213 0.052771447171349094 0.03553166183790761
1 0.20732519675474737 0.5965300144862771 0.062146447171349095 0.036627442182515325
3 0.07341264683826966 0.3041700433631135 0.06258404409314108 0.04131494218251532
3 0.07738071838572591 0.27053570810465777 0.04637558153075179 0.03323864160816914
3 0.07353628993318215 0.2378145231333751 0.05931317845254376 0.03938718206764609
4 0.6508294334441915 0.4181107226866526 0.6983411331116169 0.7991478033184531