2 0.21484375 0.21875 0.03359375 0.0640625
2 0.50546875 0.6375 0.10078125 0.16875
1 0.50703125 0.33984375 0.1 0.07890625
1 0.7453125 0.81171875 0.10078125 0.15
5 0.7328125 0.33671875 0.096875 0.075
5 0.27109375 0.3375 0.0921875 0.0734375
5 0.50859375 0.815625 0.096875 0.1359375
5 0.690625 0.20859375 0.03125 0.0625
5 0.72578125 0.2171875 0.02890625 0.04921875
5 0.7609375 0.21484375 0.03125 0.0515625
3 0.69453125 0.15390625 0.0328125 0.05859375
3 0.72578125 0.153125 0.03203125 0.06015625
3 0.7609375 0.146875 0.0328125 0.0515625
3 0.26953125 0.82421875 0.1109375 0.1671875
3 0.746875 0.63671875 0.11171875 0.159375
6 0.265625 0.47109375 0.09140625 0.14296875
6 0.50625 0.465625 0.08984375 0.15
6 0.74296875 0.465625 0.090625 0.15390625
8 0.2640625 0.6484375 0.1890625 0.1796875
8 0.43828125 0.215625 0.0609375 0.0828125
8 0.503125 0.21328125 0.06328125 0.071875
0 0.57421875 0.21640625 0.065625 0.07734375
6 0.328125 0.21640625 0.03125 0.0625
6 0.35859375 0.21796875 0.02578125 0.0625
6 0.3859375 0.215625 0.028125 0.06796875
1 0.3296875 0.15546875 0.02734375 0.0546875
1 0.32890625 0.04765625 0.0265625 0.040625
1 0.3546875 0.04765625 0.02890625 0.04375
1 0.38515625 0.04375 0.02578125 0.0328125
1 0.35546875 0.15703125 0.02890625 0.04921875
1 0.3859375 0.15 0.0296875 0.05859375
3 0.690625 0.04453125 0.034375 0.06015625
3 0.7234375 0.0515625 0.028125 0.04375
3 0.75625 0.05078125 0.0328125 0.05703125
4 0.5109375 0.60703125 0.72578125 0.634375