4 0.5223885161635196 0.5229043420949353 0.6976867038649985 0.7814187357416656
2 0.24396355391069585 0.7584598630615094 0.08435445909527761 0.09173612141421188
2 0.2601913125348621 0.519233671954517 0.0826552580585183 0.09011905771188111
0 0.2940850247876857 0.2751389315731637 0.08386502648462928 0.19297123920022682
6 0.372664752355557 0.765305118503805 0.15351456220555537 0.09882442431676956
5 0.38964436668189906 0.5174851773968125 0.14312386635259244 0.10469247840045348
1 0.4113798315266209 0.26904767739681246 0.14835817049962935 0.11110616950744615
5 0.5419226002820385 0.7743502802067029 0.1560339694628702 0.10981648801910034
1 0.5576814672002788 0.5225695253973794 0.1550182736099071 0.11601192431676957
5 0.5795536330817598 0.2725695253973795 0.15433476842611088 0.10819942431676957
6 0.7133581028739366 0.7764187556119316 0.1569129642790738 0.10205855172143127
6 0.7374373177186584 0.5280631011654279 0.16146376324231468 0.10065974282842376
6 0.7566923315266209 0.28110625561193164 0.15222546427907382 0.1018948606144388
2 0.12029231658736265 0.8105630216843643 0.06578082488222217 0.03968254809323426
6 0.12741989434430687 0.6932663942797027 0.059120721771944364 0.03477679328391083
6 0.13093516507949202 0.6620436761308681 0.060273118661666646 0.030143856986241602
6 0.1327512347779179 0.6323288942797027 0.05558561866166665 0.02998016587924912
8 0.13675452106449182 0.5776141124285372 0.07265554147037027 0.06484623920022692
8 0.14185141564513987 0.5103993305773719 0.07394463939685174 0.061775802902557686
0 0.1490576143728249 0.4369891124285372 0.07802654665416653 0.07282243030721922
3 0.09813824627680615 0.31139634618646844 0.06523402073518514 0.03343254809323426
3 0.09944646804875053 0.2785292824841376 0.05898402073518514 0.03321429328391083
3 0.1064284913758338 0.24350944173996475 0.06265582488222217 0.039573420688572544
5 0.15829449627680617 0.31349704872620643 0.059120721771944405 0.03477679328391083
5 0.16279606856713014 0.27995786242853726 0.0574215207351851 0.03315972958157998
5 0.16430934189421342 0.2447470487262064 0.05300742280870363 0.036121038474587405