4 0.4638855926439547 0.5866523547898165 0.7961411257154272 0.6621921601504741
2 0.23432470818897388 0.3196572198853942 0.09352175782192065 0.08019151878308026
2 0.4736602239739895 0.3247107703031361 0.09186825256024882 0.07856535178688588
0 0.7174634318806147 0.3471746552075584 0.1945382262518894 0.07495487353571573
6 0.22447302410104633 0.4484679693911026 0.10221348933548198 0.14913251977166359
5 0.47240228988606187 0.4538716882879137 0.10782645250377901 0.1384496877564411
1 0.7208397898860619 0.4639947406828219 0.11434946828879458 0.1433918557412186
5 0.2114739532096507 0.6178718853987138 0.11324199459715381 0.15114068874502423
1 0.46340047425633807 0.6218722717860109 0.11940098933548207 0.14983285672980173
5 0.713400474256338 0.6320589911771135 0.11158848933548207 0.14951452174882984
6 0.20541512705658324 0.7891248028892 0.10552049985882564 0.15238485376405214
6 0.4537161191640754 0.8015916052841081 0.10423101564384112 0.1570086867678576
6 0.7007276270565832 0.809307240682822 0.10524748407380997 0.14769735376405252
2 0.18499110807603442 0.19861520802239613 0.041140210466873925 0.06402800790866539
6 0.30236061859937813 0.20026523273697552 0.036088689420186525 0.05758700692008221
6 0.33356511596854216 0.2023198226608633 0.031492194681858446 0.05895850593149898
6 0.3632981185993781 0.20274824558855675 0.03121917889684287 0.05427100593149907
8 0.418031121230214 0.20419534045536047 0.06641322625188942 0.06973417984777566
8 0.48526412386104995 0.2061517712917193 0.06337923151356133 0.0711693458553869
0 0.558656121230214 0.2099253701128557 0.07449874203690499 0.07474001482874763
3 0.6856883290662521 0.15323631281221264 0.034890210466873836 0.06377333992388783
3 0.7185918343279238 0.15301081973229486 0.03452618942018652 0.05752333992388783
3 0.7535205711737444 0.15834957714666867 0.04095819994353036 0.06090300790866543
5 0.6821846264918859 0.21339256281221264 0.036088689420186525 0.05758700692008221
5 0.715687371230214 0.21632390323039202 0.034435184158514785 0.055960839923887826
5 0.7509346264918859 0.21619391064476584 0.03728716837349921 0.05140067391627658