4 0.496875 0.56640625 0.759375 0.63203125
2 0.25234375 0.309375 0.0890625 0.0765625
2 0.49140625 0.3046875 0.08828125 0.07578125
0 0.7359375 0.3171875 0.18984375 0.0671875
6 0.25 0.43828125 0.09453125 0.1453125
5 0.49765625 0.43359375 0.1 0.13515625
1 0.74609375 0.43359375 0.10625 0.1390625
5 0.246875 0.6078125 0.1046875 0.14609375
1 0.4984375 0.6015625 0.1109375 0.1453125
5 0.7484375 0.6015625 0.103125 0.1453125
6 0.25078125 0.77890625 0.09609375 0.1484375
6 0.49921875 0.78125 0.0953125 0.15234375
6 0.74609375 0.77890625 0.09609375 0.14453125
2 0.19609375 0.190625 0.03671875 0.0625
6 0.31328125 0.1875 0.0328125 0.05625
6 0.34453125 0.18828125 0.028125 0.0578125
6 0.37421875 0.1875 0.02734375 0.05234375
8 0.42890625 0.18671875 0.06328125 0.0671875
8 0.49609375 0.1859375 0.06015625 0.06953125
0 0.56953125 0.18671875 0.0703125 0.07109375
3 0.69296875 0.125 0.03125 0.0625
3 0.72578125 0.1234375 0.03125 0.05546875
3 0.7609375 0.12734375 0.0375 0.06015625
5 0.69296875 0.18515625 0.0328125 0.05625
5 0.7265625 0.18671875 0.03203125 0.0546875
5 0.76171875 0.18515625 0.034375 0.05078125