4 0.5226100842530899 0.5085776528052293 0.7321748668286812 0.8494577037403058
6 0.19660540302295074 0.7848436743734475 0.058613893426736174 0.10188975292686635
6 0.4445883081331938 0.8058202914671068 0.14607752583555556 0.10083631303532456
6 0.6569298796559371 0.5453014688656163 0.1464412017473613 0.11646131303532492
6 0.29727047103031234 0.21972773448190602 0.06853440729444457 0.125381795081344
6 0.11564699696277717 0.7382726805217674 0.04135235182361115 0.031486349336070064
6 0.11799140017315915 0.704688020880847 0.04444098423243057 0.029942030054229463
6 0.12495056820118 0.6742556323171656 0.04444098423243057 0.029942030054229286
0 0.5867758081331937 0.806647514143352 0.17325958130638916 0.1947317587805987
0 0.4975912472471176 0.5428117522394952 0.191028962765278 0.2198317527304745
0 0.41803691270968735 0.2344947373105764 0.16918902393569457 0.15408857806243947