4 0.538151899111011 0.4794870096761613 0.903473365481348 0.8063211777731333
6 0.2339437916747486 0.1908248348029964 0.10615414727484325 0.067522415074406
6 0.2346923171386397 0.4414301069326898 0.11173420970237728 0.15484899330403046
6 0.5132471071463984 0.6186319603947974 0.1273592097023773 0.1565832110077853
6 0.8067113541022826 0.21554615392707355 0.13035692182065048 0.07949874163003816
6 0.2733413893989355 0.1036776425769198 0.03456618969849794 0.04409343540750954
6 0.30706268515657004 0.10151157451384703 0.03169628121376693 0.0468715918667586
6 0.3380416181871082 0.1043798499915252 0.03325878121376693 0.04704501363713405
0 0.24629898108338244 0.5836176069326898 0.20752494182452982 0.19025429952655912
0 0.5017999398676758 0.4590835386244219 0.23392794515850976 0.21021654785256683
0 0.8025336503189591 0.33820069986045287 0.16664485030926066 0.18262033349679677