4 0.4984375 0.5 0.93125 0.8359375
5 0.20078125 0.14140625 0.1109375 0.07421875
5 0.8125 0.29765625 0.13203125 0.19375
5 0.50390625 0.7671875 0.1234375 0.1765625
6 0.1953125 0.3109375 0.1140625 0.196875
6 0.5015625 0.315625 0.115625 0.20703125
6 0.81640625 0.5421875 0.11796875 0.21640625
1 0.5 0.1375 0.1328125 0.08515625
1 0.80859375 0.12578125 0.1296875 0.08515625
0 0.1953125 0.54453125 0.24140625 0.23515625
2 0.50078125 0.54453125 0.1234375 0.2046875
2 0.2015625 0.765625 0.1234375 0.18984375
3 0.80390625 0.76328125 0.14140625 0.18046875