4 0.49865358509452234 0.4570957832725699 0.9361133421075956 0.9141915665451398
5 0.79422359768575 0.7745924744712601 0.11137383723582168 0.08666000109978604
5 0.18341388359371186 0.6826367058876857 0.13393970452587256 0.20770915624622255
5 0.494739286497137 0.18067094578616832 0.12446471057599666 0.18953630404060692
6 0.8006786516458886 0.604486435684651 0.11520788524403187 0.2088634518349913
6 0.49445592272312744 0.6319871077347644 0.11682492739850954 0.21840267720259376
6 0.180930274789672 0.43851601930669226 0.12001355991206686 0.22966862793779902
1 0.494982121788051 0.8099478823671618 0.13330337939029935 0.09833415624622255
1 0.18632019409495387 0.854101142468679 0.13017837939029936 0.09800570551101728
0 0.8020376603282914 0.37089268568465095 0.2419976442210224 0.2612282066108034
2 0.4965689103282914 0.40299874505096306 0.12462833703942984 0.21766130404060693
2 0.7970739461380573 0.15045583715506144 0.12454652380771343 0.20359880404060693
3 0.19471656059943793 0.21610846636587128 0.14324198165323568 0.19619450845183833