4 0.48168341656347125 0.4883260032310413 0.9633668331269425 0.8576125843436119
5 0.7592291033953315 0.8399917271111452 0.11443068114108108 0.07758209897381967
5 0.15478781410591708 0.6979796390583332 0.14183655128112632 0.19684124525034719
5 0.48525033354122726 0.22126578980017317 0.13166103060296183 0.179435539703264
6 0.7725938982663167 0.6703331905420132 0.12323210049533806 0.19952983415618064
6 0.4665622220876345 0.6727737384134024 0.12523124813797323 0.2089412017473613
6 0.1622707901179838 0.4535393080362846 0.12886567038771415 0.21995143692972227
1 0.4598284168775667 0.8508623708222217 0.13674232878371625 0.08746624525034719
1 0.15068885732427278 0.8697637200803818 0.1336173287837163 0.08739351006798621
0 0.7834737020286425 0.4367394405420132 0.25161396567298444 0.2415381090418057
2 0.47800495202864257 0.443849304617812 0.1329709735308672 0.2075605397032639
2 0.7875213089341214 0.21579116090673542 0.1323160020669146 0.193498039703264
3 0.18506839702346262 0.23215461730684012 0.15062935442427944 0.18455945079743072