2 0.1515625 0.0484375 0.04140625 0.07265625
2 0.5125 0.284375 0.11953125 0.1796875
6 0.29140625 0.0359375 0.03515625 0.065625
6 0.32578125 0.03046875 0.034375 0.06015625
6 0.3609375 0.0265625 0.034375 0.053125
6 0.5109375 0.14921875 0.11171875 0.06015625
6 0.80546875 0.65234375 0.1125 0.15859375
6 0.23125 0.496875 0.1125 0.17578125
6 0.22890625 0.1609375 0.1109375 0.0671875
8 0.421875 0.0296875 0.06953125 0.05859375
8 0.5046875 0.028125 0.071875 0.05625
0 0.5921875 0.01875 0.078125 0.0375
0 0.80625 0.12890625 0.246875 0.07421875
0 0.2375 0.6875 0.228125 0.19140625
0 0.5171875 0.67421875 0.22109375 0.19296875
5 0.51640625 0.48671875 0.1171875 0.165625
5 0.22421875 0.3 0.1140625 0.1484375
5 0.8078125 0.46328125 0.12265625 0.1640625
1 0.80625 0.26015625 0.13125 0.1796875
4 0.51875 0.44765625 0.88828125 0.78125