2 0.1501531126946969 0.06525941172642132 0.042716348904643334 0.07638396602976241
2 0.5042255325946721 0.3412573406831566 0.12397837226160835 0.19286755454853619
6 0.2903605755476783 0.06828066017502653 0.036284492478152686 0.0694402789482605
6 0.32489469992085773 0.06662718912328704 0.03610263605166182 0.0631902789482605
6 0.3601646101874144 0.06662292895673529 0.03592077962517113 0.0569402789482605
6 0.5065956778175339 0.20592766891278114 0.11422763605166182 0.07186136746703439
6 0.7864874854850307 0.7417426726285585 0.11713733887551356 0.1718613674670344
6 0.21679241409398742 0.5225414220155706 0.11759197994174028 0.1874863674670344
6 0.22422344701786384 0.18634378936000745 0.11289245658477531 0.0795004456966589
8 0.4210111819741691 0.07651137800137889 0.07047763605166182 0.06700555789652099
8 0.5038691460807917 0.0841402318312792 0.07351170783841657 0.06422740143727197
0 0.5916419307205278 0.08447685097230592 0.07921613855894431 0.04617108851877387
0 0.8024992112036289 0.21839188351374633 0.24905727711788864 0.10240063971932542
0 0.21749579308602032 0.7138601090970725 0.2336716210079671 0.21594457847481968
0 0.49756973799231313 0.731621355994283 0.22751254922121245 0.21837589139331773
5 0.5022441807870349 0.5440346451090953 0.12200669530200407 0.1786316327781609
5 0.2154896415284452 0.324886024048881 0.11838159012915472 0.16109728923740985
5 0.794332392386375 0.5529403052841217 0.12664873119538153 0.17758939808928725
1 0.7986802262473236 0.34964188351374637 0.13647837226160836 0.19425492871154013
4 0.5057245334526018 0.5052322777646585 0.9102320533113405 0.8797535655732712