2 0.8429014713205127 0.9614349641151765 0.041043156517662285 0.0723477146721816
2 0.48333661554153506 0.7212975760661788 0.11979539129415606 0.18106928134945371
6 0.7029849984478759 0.9696476200469297 0.03475679508134384 0.06070475990614064
6 0.6685781821910972 0.9737445003779298 0.034720433645025396 0.05251099924414042
6 0.6333992062933982 0.9770555853755436 0.03468407220870695 0.0458888292489128
6 0.48411279948114816 0.8564720073997243 0.11284543364502539 0.060684056015271895
6 0.19250864510478505 0.34991982602640787 0.11342721662612103 0.16068405601527208
6 0.7658229043763631 0.5120702161043589 0.11351812021691714 0.1763090560152719
6 0.7662122271742453 0.848034988104677 0.11132838544042371 0.06847837468172671
8 0.5724798870115574 0.9734760520369073 0.06909543364502539 0.053047895926185265
8 0.48965829665247773 0.9745476560311804 0.07220225292686636 0.05090468793763918
0 0.40210375449800007 0.9833953973583626 0.07834316861791084 0.03320920528327491
0 0.18868212481311314 0.8733482353596351 0.24731133723582163 0.0778726507001803
0 0.7606819281840764 0.32137249077017704 0.22924311416679294 0.19484197469763487
0 0.4809171601318997 0.3313992820655424 0.22300220452587247 0.19633174936345324
5 0.48060756704234564 0.5189083727323152 0.11815107806243948 0.1669886000159085
5 0.7717087691323312 0.7090270321053133 0.11492608411256384 0.14976473734881743
5 0.18906496165615133 0.5389550540260897 0.12282948770335986 0.16548064401654478
1 0.189445714975801 0.742098235359635 0.13229539129415607 0.18121473201781732
4 0.47803655806535506 0.557943600731997 0.8920451795398089 0.7915769974538126