4 0.5002301152626705 0.5402897500665069 0.8486892730422386 0.6985504072305488
3 0.7884405597327675 0.8128477455141605 0.13176521046687384 0.06622805674305994
0 0.5223983307794547 0.8268493756933276 0.2141226841585148 0.060825154394061796
6 0.23685640195319907 0.7075982366721648 0.126834057737216 0.1690348079967011
6 0.5127363624906602 0.6878323397999504 0.122055552475544 0.16733591567683312
6 0.784747870383168 0.6822653352476038 0.12094807878390341 0.1751029515702104
6 0.7527048549510883 0.30677960194065124 0.11240753669052861 0.162375631037097
5 0.7730914916133821 0.4955693173009152 0.12232856826055975 0.17202341567683313
2 0.5031507179358587 0.49638062569332764 0.12389106826055958 0.17206887978345584
3 0.2261254863517102 0.5099192546188535 0.14217063140062186 0.19131898495630537
3 0.49259410758192423 0.3151306256933276 0.13400952090551305 0.1583246285298145
1 0.22411712336693976 0.3276379520324288 0.1323560156438412 0.1567166644231918
0 0.4499912517132027 0.9541680451310844 0.08212923151356133 0.07102320533113407
6 0.7331299754048435 0.9381038097790677 0.03470819994353018 0.060284282132453626
6 0.7004084806665153 0.940621056018144 0.038288226251889414 0.06818771034569907
6 0.6669057359281872 0.9431610343105316 0.03314569994353036 0.060238818025830906
2 0.8589567280356795 0.935225199195942 0.043248742036904986 0.07301160266556721
8 0.6060592411898591 0.9464966344688163 0.08056673151356133 0.07097774122451135
8 0.5280707490823667 0.9511135897999502 0.07753273677523324 0.07244931301126627
5 0.3089945253907261 0.9653137967804369 0.03912268415851479 0.055733174452321774
5 0.2697500148673823 0.9633253994460041 0.0394867052052021 0.06198317445232178
5 0.23008827539072607 0.9676097341648824 0.04381018415851479 0.055869566772189926