4 0.5687407060107569 0.4646726906436564 0.8625185879784862 0.7032639978073831
3 0.2756180079033161 0.1747098564380875 0.1339596256238929 0.06697422359113019
0 0.5414407953409268 0.17776296768549843 0.2144802974209062 0.061999036112334684
6 0.8314538450496085 0.31481905670039073 0.1310867579033161 0.1696627139724834
6 0.5559853373540884 0.3168800313878292 0.12781589226271883 0.16799108656782166
6 0.2838915388931924 0.3050421971822604 0.12698272046570533 0.1757490228654907
6 0.32912847545684826 0.6811781112474109 0.11800329534092677 0.16297620435383653
5 0.3021037329445723 0.49178822903342584 0.1282534891845107 0.17267858656782167
2 0.5722913783272603 0.5082317176854984 0.12981598918451062 0.17273315027015243
3 0.8491245985851696 0.5124480248492252 0.14875387687167851 0.19208335099579193
3 0.5892117926365495 0.6894817176854984 0.1394406984191349 0.15905259618646853
1 0.8575241957147576 0.6941791744864056 0.13773233277853764 0.15743553248413758
0 0.6094590440931411 0.05554571650437205 0.08454308818628213 0.07147818511654278
6 0.3265946222961277 0.053454904531321734 0.03679289434269819 0.06046627404661713
6 0.3592612566555304 0.053038242280269696 0.04064722254568487 0.06838790145127885
6 0.39270914101493304 0.052648861880383105 0.03523039434269819 0.06041171034428625
2 0.20074043947582904 0.04828127649368784 0.04577231946747675 0.07323909255827141
8 0.4535007753743357 0.053214346271286475 0.08298058818628214 0.07142362141421192
8 0.5314069769134397 0.053598781387829274 0.0800014538268794 0.07287699400955021
5 0.7502088987104532 0.053452481565314514 0.04104279742090622 0.05594246515360968
5 0.7895631299916477 0.057941574123585915 0.04162625998329546 0.0621924651536097
5 0.8291151487104532 0.05620794853302273 0.045730297420906396 0.056106156260602245