4 0.53203125 0.44609375 0.80859375 0.67421875
3 0.26015625 0.165625 0.128125 0.06328125
0 0.5265625 0.159375 0.21015625 0.0546875
6 0.8046875 0.28671875 0.11640625 0.165625
6 0.528125 0.2984375 0.11171875 0.1640625
6 0.25625 0.29609375 0.1109375 0.17265625
6 0.26640625 0.671875 0.103125 0.16015625
5 0.25703125 0.4828125 0.1125 0.16875
2 0.5265625 0.48984375 0.1140625 0.16875
3 0.80390625 0.484375 0.13046875 0.18671875
3 0.5265625 0.67109375 0.125 0.1546875
1 0.7953125 0.66640625 0.1234375 0.153125
0 0.60625 0.034375 0.078125 0.06875
6 0.32265625 0.0421875 0.03125 0.06015625
6 0.35546875 0.040625 0.03359375 0.0671875
6 0.3890625 0.0390625 0.0296875 0.06015625
2 0.196875 0.04140625 0.0390625 0.071875
8 0.45 0.0375 0.0765625 0.06875
8 0.528125 0.03515625 0.0734375 0.0703125
5 0.74765625 0.02734375 0.0359375 0.0546875
5 0.78671875 0.03046875 0.0359375 0.0609375
5 0.8265625 0.02734375 0.040625 0.0546875