4 0.53046875 0.4625 0.8265625 0.72109375
2 0.1890625 0.06484375 0.0421875 0.07109375
2 0.5265625 0.49921875 0.1078125 0.17109375
6 0.31953125 0.0609375 0.03671875 0.05703125
6 0.35390625 0.0609375 0.03125 0.053125
6 0.384375 0.0578125 0.03046875 0.05703125
8 0.4453125 0.05078125 0.0640625 0.07421875
8 0.51875 0.04609375 0.06953125 0.08828125
0 0.59765625 0.04296875 0.07578125 0.07265625
5 0.73515625 0.03203125 0.0390625 0.06015625
5 0.775 0.0296875 0.03515625 0.05859375
5 0.81171875 0.025 0.03671875 0.05
5 0.528125 0.6765625 0.1078125 0.13828125
5 0.2546875 0.190625 0.0984375 0.053125
0 0.521875 0.1796875 0.20859375 0.0625
5 0.7859375 0.14921875 0.09765625 0.053125
6 0.5234375 0.30546875 0.1078125 0.15859375
6 0.25625 0.33359375 0.1046875 0.1671875
6 0.79453125 0.284375 0.10625 0.165625
3 0.796875 0.48203125 0.121875 0.184375
1 0.259375 0.5296875 0.11953125 0.15859375
1 0.79140625 0.66484375 0.11640625 0.15
8 0.2671875 0.70859375 0.19609375 0.1640625