4 0.5412335569894449 0.47484679720579903 0.8433643271254173 0.7411134557345145
2 0.1905717550339931 0.06924422853284737 0.04386040919430565 0.07285692496187504
2 0.538181945382188 0.5114746282278476 0.1118129350298613 0.17438436379145833
6 0.32094958605604174 0.06837467239642388 0.03880923328250008 0.05712282218833335
6 0.3553245860560417 0.06917475940239612 0.03248649810013893 0.053852351823611144
6 0.3857206008736806 0.06675892743041698 0.03255923328250008 0.05697735182361115
8 0.44649444671336813 0.061146013486458706 0.06580814437666671 0.07649107123840285
8 0.5198228439398264 0.05816779027194487 0.07078658510611113 0.0891001740119445
0 0.5986563587574654 0.056879353626563 0.07667290919430556 0.07362064437666674
5 0.7359017856192014 0.04914220165045201 0.04044446846486114 0.06028418977951392
5 0.7756909842324305 0.047725825225556205 0.035756968464861136 0.06017508700597225
5 0.8123006314588889 0.043892963618299294 0.03866376291777769 0.05087282218833337
5 0.5438721669811811 0.6888547458190283 0.111012848023889 0.14000936379145834
5 0.2591243461240279 0.1965529173624308 0.09967399810013892 0.05541615824437507
0 0.5260572729857641 0.19183427545430598 0.21082970364722228 0.06737325721819461
5 0.7894106049577431 0.1675116483638201 0.09811149810013901 0.0553797906531945
6 0.5305473640757988 0.3176518930454865 0.11152199430041669 0.16188436379145843
6 0.2640144807170489 0.3395580349536113 0.10857883225631956 0.16962412860909729
6 0.8011501515948615 0.30286792011531316 0.110104964665139 0.16809799620027785
3 0.8080944018792018 0.500578721502084 0.12616637575930553 0.18721167211208342
1 0.27170361341020877 0.5357245201359724 0.12245949430041678 0.16213893692972228
1 0.806880660047327 0.683263934932952 0.11911628875333342 0.1526912017473613
8 0.2836802026003825 0.7148126080918752 0.2006935970739585 0.16864481648875013