4 0.4433680676435853 0.5154231506098206 0.7555548409868331 0.8981910746004633
2 0.034298791711867546 0.8173716684976607 0.06859758342373509 0.04931934941909368
2 0.47992765015309935 0.522972845421749 0.176268022737413 0.12486692252391976
6 0.033210523157342506 0.6865153179857535 0.0577780079086654 0.04308144737146478
6 0.034611197073619114 0.6521403179857534 0.05439833992388783 0.03652136696193899
6 0.032727703499409753 0.6213614875762276 0.05752333992388783 0.0368314473714646
8 0.03349231988648803 0.5597263066547946 0.06698463977297606 0.07150442982861946
8 0.035817494544202015 0.48582368604050574 0.07163498908840403 0.07743225146672295
0 0.03202000319430479 0.40660735563097994 0.06404000638860959 0.08213184941909368
5 0.02586151579874027 0.2680220741976396 0.05172303159748054 0.04495402778099047
5 0.02545364475307297 0.22794576389049523 0.05090728950614594 0.04026652778099047
5 0.02154606545645426 0.19076189327620652 0.04309213091290852 0.04246128655241303
5 0.6573350671492937 0.539007408662339 0.14189302273741297 0.1214560380191358
5 0.16025584281527525 0.7642274049810747 0.05713602076024667 0.10370886696193882
0 0.1602053991645162 0.4959546235477344 0.07103137749004844 0.21557660819051633
5 0.14049637152136837 0.22886883955485765 0.057072353764052244 0.10214636696193882
6 0.2860503161607106 0.5068728600311484 0.16376802273741298 0.12362660088581663
6 0.3032882598114696 0.7768510837168807 0.17145318874502422 0.12127680190963108
6 0.2760027900004375 0.2336860672668492 0.1699543557412186 0.1226842617048682
3 0.4737545404947291 0.25095490316935704 0.18934102570316255 0.14016974416202305
1 0.49950934380385836 0.7931836294146256 0.1642136917107738 0.13456410088581663
1 0.6563442060080487 0.27456335712661717 0.15471135771838504 0.1305088596572391
8 0.6787339287848304 0.8031232328599784 0.1720845415204934 0.2131542215001055