4 0.5721575550895838 0.5524709734127498 0.751106704784584 0.8950580531745004
0 0.8821267414506252 0.31061567003297436 0.07540396276527801 0.22448955909355411
8 0.8783530037028129 0.5840053726083498 0.09073802203583341 0.21326501666989942
5 0.8873520228888548 0.8701341912448017 0.055379790653194406 0.10121155575957416
2 0.7421920724726739 0.2952940747246834 0.17463893692972227 0.1327800333397989
6 0.7339308564763546 0.5768948900271553 0.18059799620027786 0.12079021637033698
6 0.7428753242756256 0.8606799586636071 0.18070709897381967 0.12547771637033697
6 0.5390852562682641 0.2794943762321938 0.18528549620027784 0.12117285364324068
2 0.5378552902719449 0.5616691474440211 0.1808525693385418 0.13172771637033698
8 0.5468179418668063 0.846235466080473 0.20203919794763897 0.23794576546195145
5 0.35401992524621545 0.26828645395250134 0.15112870174736132 0.12774184697528082
5 0.3463763050895837 0.5429197921337906 0.15261846656500005 0.12474439273291545
0 0.3575736039109035 0.8229899294066941 0.17398693313000022 0.2387749418245299
6 0.9904733771842015 0.38679514594620906 0.019053245631597094 0.036415732122152544
6 0.9912731375849827 0.4220151688250263 0.017453724830034646 0.036415732122152634
6 0.9916549972923786 0.45560891882502635 0.016690005415242837 0.037978232122152636
8 0.9886394266711113 0.5177900544309401 0.022721146657777424 0.07755091515269079
8 0.9868506090418059 0.6004112357944882 0.026298781916388236 0.08118609818322894
0 0.98738735761691 0.683941212915671 0.025225284766180068 0.08899859818322894
5 0.9940477994384551 0.8311988501885746 0.01190440112308977 0.042920823637421536
5 0.9945478538171878 0.8710426001885747 0.010904292365624357 0.03667082363742154
5 0.9965467649113545 0.9110138959462091 0.006906470177290913 0.04110323212215263