4 0.4469591104617363 0.5035409321952699 0.8939182209234726 0.830966011359299
0 0.6842482183780573 0.7876216620293433 0.22490154665416656 0.09588070804084588
8 0.41091802511699244 0.809516987109118 0.21376855702175918 0.11004466758136892
5 0.12477547356185352 0.845282037619652 0.10152283524981472 0.06444806356094616
2 0.7003892111680107 0.6473213368857567 0.13378711404351815 0.18575488436503065
6 0.4188753710172236 0.6655336272814217 0.12183391819055522 0.1905438439055537
6 0.13507656946208474 0.7010247327058041 0.12652141819055523 0.19109173407785746
6 0.717379095946714 0.44428765191447395 0.12224402130083298 0.1952313439055537
2 0.43525010113051027 0.4695311923101391 0.1327714181905552 0.19182225430759595
8 0.1506700495753714 0.5051136127632387 0.23923603166842553 0.2243709681557151
5 0.7296719188026859 0.2595879770580605 0.12861159849212936 0.16195212425016142
5 0.45512097813351915 0.2777596821952698 0.12562329952888868 0.16314936413529219
0 0.1750233750232414 0.3151379624760656 0.23976371196999965 0.19504872827058434
6 0.6074232952865296 0.9056310044990316 0.036562216588147935 0.02901786126356143
6 0.5721986947681501 0.9105214307913105 0.03656221658814811 0.02901786126356143
6 0.53860494476815 0.9144479770261545 0.03812471658814811 0.029200491320996134
8 0.47644669736004824 0.9178469293235392 0.07773402073518518 0.04001624275686133
8 0.39383924891518707 0.9251825723675736 0.08140582488222217 0.04663150287173075
0 0.3103138494335667 0.9341720304403254 0.08921832488222217 0.04754465315890357
5 0.16302874632328895 0.9560267558391791 0.043085618661666644 0.0328733814932999
5 0.12318499632328894 0.9606838223037618 0.036835618661666646 0.03214286126356143
5 0.08320454528652968 0.9669033887683444 0.04124971658814811 0.029565751435865196