4 0.515625 0.43984375 0.85234375 0.73125
0 0.2390625 0.1234375 0.21875 0.0703125
8 0.51328125 0.13359375 0.20625 0.0859375
5 0.79921875 0.13125 0.09609375 0.053125
2 0.23515625 0.26328125 0.11875 0.17265625
6 0.51796875 0.278125 0.10625 0.178125
6 0.8015625 0.27578125 0.11015625 0.17890625
6 0.2359375 0.46640625 0.10625 0.1828125
2 0.51875 0.47421875 0.1171875 0.17890625
8 0.803125 0.471875 0.221875 0.19765625
5 0.23984375 0.6515625 0.11640625 0.1484375
5 0.515625 0.665625 0.11171875 0.14921875
0 0.7953125 0.6609375 0.22421875 0.16796875
6 0.30625 0.01328125 0.03515625 0.02578125
6 0.34140625 0.0125 0.034375 0.02421875
6 0.375 0.0125 0.0359375 0.02421875
8 0.4375 0.01640625 0.07578125 0.03203125
8 0.5203125 0.01875 0.078125 0.03671875
0 0.60390625 0.01953125 0.0859375 0.03828125
5 0.75078125 0.01484375 0.03984375 0.02890625
5 0.790625 0.01484375 0.034375 0.02890625
5 0.83046875 0.01328125 0.0390625 0.02578125