4 0.4953125 0.54140625 0.71875 0.55234375
2 0.203125 0.19296875 0.0359375 0.059375
1 0.31796875 0.134375 0.03046875 0.04765625
1 0.346875 0.1328125 0.02578125 0.04453125
1 0.37578125 0.13046875 0.03125 0.053125
1 0.73515625 0.71640625 0.09921875 0.1234375
1 0.25546875 0.565625 0.10859375 0.13828125
6 0.2578125 0.4078125 0.0953125 0.146875
5 0.2578125 0.29140625 0.08984375 0.03984375
6 0.3203125 0.19453125 0.0296875 0.053125
6 0.346875 0.19296875 0.0296875 0.04921875
6 0.37734375 0.19140625 0.02734375 0.04921875
8 0.43046875 0.190625 0.05546875 0.0640625
8 0.4953125 0.18984375 0.06015625 0.0625
0 0.56796875 0.190625 0.06953125 0.05078125
3 0.68359375 0.13125 0.03671875 0.04765625
3 0.71796875 0.12578125 0.03359375 0.04765625
3 0.75390625 0.12890625 0.0328125 0.053125
5 0.6859375 0.190625 0.03203125 0.04453125
5 0.71796875 0.1828125 0.03359375 0.053125
5 0.753125 0.18984375 0.03515625 0.04609375
5 0.7265625 0.28671875 0.0890625 0.04609375
0 0.49609375 0.29609375 0.1859375 0.0578125
6 0.49921875 0.40546875 0.09296875 0.13203125
6 0.7359375 0.4015625 0.09296875 0.1265625
3 0.73671875 0.55703125 0.1140625 0.1484375
2 0.49765625 0.5640625 0.096875 0.13828125
8 0.2609375 0.7265625 0.18125 0.146875
3 0.50078125 0.71953125 0.10625 0.1265625