4 0.4940136119885065 0.4085157638615808 0.7316241272779171 0.6244434941909376
2 0.7780911391552424 0.7279607455709172 0.03731946846486114 0.06294092470954685
1 0.6618836044859715 0.7979499506209908 0.032341027735416715 0.04997580409525817
1 0.632940986894791 0.8023806944091045 0.027580792553055566 0.04638568348096968
1 0.6039801855080201 0.8075926881972183 0.03248649810013902 0.05622580409525817
1 0.2582430322007289 0.25731443529268716 0.102873039703264 0.13336007310482606
1 0.7344210596518053 0.3604983424304745 0.112575348023889 0.14835281433340358
6 0.7284041829425689 0.5185434027376189 0.09873105357097245 0.15633245249053723
5 0.7256947973996175 0.6349496527376189 0.09157055737069442 0.04961733187624873
6 0.6609400067464228 0.7380262609281352 0.030923998100139016 0.05607076389049528
6 0.6343411391552424 0.7422244444091046 0.030851262917777865 0.0529457638904951
6 0.6038360215640618 0.7468102284019813 0.029288762917777867 0.052790723685732385
8 0.5506928377684716 0.7528628453639202 0.057741071238402955 0.06964394737146477
8 0.48583090397288126 0.7600782638615808 0.06082970364722229 0.06839152778099056
0 0.4131928377684716 0.766506383383056 0.06991376291777769 0.0568217690095679
3 0.2961858693036104 0.8373543585355112 0.038591027735416714 0.05059596491430973
3 0.26168358273447845 0.8462339930402951 0.03546602773541672 0.050285884504783954
3 0.22581881791683953 0.8466749177498422 0.03404899810013893 0.056380844300021236
5 0.2952240877684716 0.7782119188426556 0.032268292553055564 0.04685080409525817
5 0.26301099981256876 0.7892027430402951 0.03561149810013893 0.05653588450478395
5 0.22801840397288126 0.7856598976474606 0.03546602773541672 0.050285884504783954
5 0.2568356946260758 0.6861492141664911 0.09015352773541671 0.055712291671485656
0 0.4875226501731591 0.6539057839639624 0.18728310087368066 0.07626228436678595
6 0.4869433815557981 0.5448408643734881 0.09680487765916687 0.1405524122857745
6 0.2501337125778467 0.5722357053950686 0.09669577488562506 0.13586491228577452
3 0.2529710379003121 0.4168444754974501 0.11751742116215294 0.15975543494769226
2 0.4921971920606246 0.3860920741687252 0.100075348023889 0.1471124926953003
8 0.7326981715434024 0.2001034831471447 0.18466855357097245 0.16485966375249728
3 0.49269076738309003 0.230933404578251 0.10919577488562507 0.13710523392387772