4 0.5002089702840451 0.45414505553302814 0.6117960485118863 0.7703864367714518
2 0.12792041360638698 0.7788605933862308 0.06230855242559432 0.04148039434269819
1 0.07870127679252532 0.6694868049086303 0.0494259151526907 0.03562596921791972
1 0.07949837330876422 0.6407264205492277 0.045918277879787105 0.03064673793672501
1 0.07951421982500313 0.6120389690101236 0.0556759151526907 0.036209431780308776
1 0.6947872440809462 0.1979643537861281 0.13160042848861017 0.1115233856071884
1 0.5048494464871439 0.6917278881037696 0.1464282030344176 0.12221117637256426
6 0.3472282651235957 0.704116567804099 0.15465529121570665 0.1090238702161482
5 0.2308220151235957 0.7149835580285995 0.04802265394280303 0.09441750665553031
6 0.13904884542897714 0.6615272277456334 0.05554836939505616 0.034646931780308775
6 0.13965462330876424 0.6351105933862308 0.052423369395056166 0.034355200499114245
6 0.14057926558263767 0.6047877090268281 0.05229582363742162 0.032792700499114244
8 0.1441345713422119 0.5517356418471268 0.06865414727484324 0.062230491264490165
8 0.1486464702840451 0.4869648246674254 0.06734673879011233 0.06520962562389272
0 0.15535859801405097 0.4142356418471268 0.055612013335919565 0.07341770049911425
3 0.10542198407900658 0.304153536189825 0.04993609818322886 0.041875969217919716
3 0.10275924074696637 0.2702890659319156 0.049681006667959784 0.03875096921791963
3 0.10881779317256068 0.23405983465072094 0.055803460910325245 0.03777193178030895
5 0.1649883027154584 0.2962668918471268 0.046300915152690705 0.03533423793672501
5 0.15979049074696636 0.2649649700501134 0.05593100666795978 0.03933443178030895
5 0.1696915202937434 0.2291523246674254 0.049681006667959784 0.03875096921791972
5 0.26439824241395626 0.2466711549503915 0.05414510818516849 0.09343846921791962
0 0.25496024316286237 0.47626471110680757 0.07299044515850976 0.19133452870210094
6 0.3645903346781314 0.46292911626499506 0.1389027454580721 0.10600271381017504
6 0.3800072669597635 0.22657503036648835 0.1342152454580722 0.10556511688838306
3 0.5355397898385809 0.2112801491270549 0.15774834030732093 0.12791973585674557
2 0.5230565389204969 0.44968625374436694 0.14540783697334128 0.10971117637256426
8 0.6662333566388648 0.6712349771222456 0.16167030788560624 0.1949613702161482
3 0.6787803804357659 0.4320476225049335 0.13523561151914834 0.11806511688838306