4 0.6518410148344971 0.45991228600892375 0.696317970331006 0.9197261344473118
0 0.9215351483449705 0.15444755870915575 0.08049667386477992 0.24004667984777567
6 0.9392250915057818 0.4499510596977389 0.07751153859206354 0.11842634783255317
1 0.9630466354964305 0.7436373927015445 0.06619553029369385 0.13354201186299797
2 0.7946174508344813 0.15491708540090143 0.16619553029369402 0.13761669961943915
2 0.8079158919207003 0.4545178373780677 0.1659587319533678 0.13449169961943924
5 0.831974234251675 0.7513291703818734 0.16271533278320477 0.13280186562705049
6 0.6127046000046443 0.16389679045754807 0.17594903859206373 0.12243736859279988
3 0.6260030410908635 0.4634975424347144 0.18085002614450918 0.14600220258518865
6 0.650724234251675 0.7587145419404229 0.17462333693238996 0.1254987015966055
5 0.43811899710021496 0.1764962440313199 0.15646533278320493 0.1325471976422728
5 0.45412804109086347 0.4705009120160975 0.1500969336130419 0.13073002965749528
3 0.4774167888157784 0.757155995019903 0.160537526144509 0.14517453163466154