4 0.5220526487507688 0.6315143712939936 0.9011861654200869 0.6598647621552786
0 0.8191480141231308 0.9258514784359381 0.23666475334181775 0.06799150626826389
6 0.5237809701224944 0.9142905037028128 0.11642497867599957 0.07144120174736131
1 0.2300491514560398 0.9090158965608683 0.13190452800763602 0.05930487765916652
2 0.8223628261059496 0.7993980812094799 0.1330681333545442 0.1593048776591667
2 0.523034988104677 0.7830586874984032 0.12994313335454458 0.15923214247680556
5 0.22617816943822247 0.7777113451740973 0.12834427068745358 0.15607077488562524
6 0.8186822007479053 0.6173304636182992 0.11757040268936265 0.1698787017473613
3 0.5193543627466326 0.6009910699072227 0.14104426535645337 0.17354921561506947
6 0.22406913474695084 0.5964613451740973 0.12067722135581711 0.1683889369297223
5 0.8111771413908155 0.44220317704916734 0.12827154535327168 0.14982077488562506
5 0.5173544160566338 0.4291160699072226 0.12663632001909003 0.14353440729444458
3 0.23065384739017922 0.42400511692559045 0.14080790802036275 0.1532367156150695