4 0.48515625 0.38046875 0.89453125 0.63828125
0 0.19140625 0.09296875 0.23671875 0.06171875
6 0.48671875 0.09765625 0.11484375 0.06796875
1 0.78046875 0.09609375 0.13125 0.05546875
2 0.18671875 0.21953125 0.13046875 0.15546875
2 0.4859375 0.22890625 0.128125 0.15703125
5 0.7828125 0.22734375 0.12578125 0.15234375
6 0.18828125 0.4015625 0.11640625 0.1671875
3 0.4875 0.4109375 0.1390625 0.1703125
6 0.7828125 0.40859375 0.11796875 0.165625
5 0.19375 0.5765625 0.1265625 0.14609375
5 0.4875 0.5828125 0.12421875 0.140625
3 0.77421875 0.58125 0.1390625 0.14921875