4 0.5959599675358913 0.46830967096478604 0.4971390162287591 0.7566350180902232
6 0.371460979307014 0.7196995098380811 0.04231595941492108 0.09900406603337349
6 0.6018342719206877 0.7130899044564426 0.12669095941492117 0.10342597241038014
6 0.6115576939969409 0.4690532994134885 0.1313511858759707 0.1021091338757694
6 0.4829998660731939 0.2322637075995174 0.1297614123370204 0.10046474672063965
0 0.7308087057680637 0.7024279641582382 0.12210464529089186 0.1984109237898611
2 0.739696330766416 0.4615573026928489 0.11737050649282174 0.1060596494796016
0 0.7478027057647684 0.22072758480502447 0.12213191882984216 0.1999734237898611
0 0.4733037175358913 0.47473781264247156 0.1423898717519414 0.19791295680654794
0 0.3287975612846555 0.30200739880223304 0.04785684740221221 0.05870661465389251
7 0.46279904545963824 0.7188153612629906 0.12512845941492118 0.10334408525525038
7 0.3772099675358912 0.4797738726829513 0.043605724025417736 0.08346095318850325
7 0.3828634983784422 0.24531698552782152 0.05160913879807012 0.09480788896415211
8 0.6181561160731939 0.22518046868079383 0.14715919236879244 0.20284611827193721
8 0.31709680763450276 0.6593252538451873 0.05402502678536125 0.05434666327441153
8 0.31954569765038887 0.6084621166900576 0.05084547970746058 0.0510578889641522
8 0.3227758376662749 0.5575580359573629 0.05399775324641087 0.05278416327441171
8 0.3238861444834082 0.4045149231124926 0.05087275324641087 0.0526203889641522
8 0.32629412419086873 0.35599553595736283 0.053943206168510206 0.049659163274411534