4 0.4859257422131245 0.619236014119258 0.7425239532659728 0.5056522018994147
6 0.251209822569583 0.3919447737526764 0.09782055737069442 0.04344377461060631
6 0.2403768528704509 0.622254399379497 0.09978440729444457 0.1278187746106063
6 0.4839995663013189 0.6348155500126353 0.09833101006798621 0.1324608105039836
6 0.7308408115516662 0.5090954506457736 0.09673214247680555 0.1308528463973609
0 0.24128277659805492 0.7512743096460537 0.19495143692972236 0.12434208511458973
2 0.4817986738245132 0.7629632820659465 0.10269120174736131 0.11853470282385156
0 0.7223327548465619 0.7738710044858396 0.19651393692972227 0.12438754922121227
0 0.48878059812079827 0.496579764119258 0.19386171561506949 0.1446091210079672
0 0.6726860854873609 0.35417461843417763 0.057341027735416716 0.04851170783841656
7 0.24517606848552043 0.4832373634861197 0.099748039703264 0.12625627461060632
7 0.4910172049784025 0.400486014119258 0.08223192496187508 0.0445516335443795
7 0.7253558373872219 0.4088681301126601 0.09335126291777769 0.05268238229073816
8 0.7276950149145481 0.6442517006457735 0.19865831838861112 0.14943301332783515
8 0.3157821220564928 0.338317320070895 0.052798998100138925 0.05462531551854841
8 0.3665270044653123 0.34135740353613214 0.04960126291777787 0.05140938730530316
8 0.41725370307854137 0.34517873700136925 0.051236498100139014 0.054579851411925784
8 0.570415070669722 0.348071719450392 0.05116376291777787 0.05145485141192587
8 0.6188162030785413 0.3510436067556951 0.04811149810013902 0.05448892319868044