4 0.5 0.6046875 0.73125 0.484375
6 0.26015625 0.384375 0.096875 0.040625
6 0.2546875 0.61484375 0.09609375 0.12421875
6 0.4984375 0.6203125 0.0953125 0.1296875
6 0.7421875 0.4875 0.09453125 0.12734375
0 0.25859375 0.74375 0.1921875 0.11796875
2 0.49921875 0.7484375 0.09921875 0.115625
0 0.73984375 0.75234375 0.19296875 0.11953125
0 0.5 0.48203125 0.190625 0.1390625
0 0.68046875 0.334375 0.05546875 0.04609375
7 0.25625 0.47578125 0.096875 0.1234375
7 0.5 0.3859375 0.08203125 0.0421875
7 0.734375 0.3875 0.0921875 0.05078125
8 0.7421875 0.62265625 0.1953125 0.14296875
8 0.3234375 0.32890625 0.0515625 0.053125
8 0.37421875 0.33046875 0.0484375 0.05078125
8 0.425 0.3328125 0.05078125 0.05234375
8 0.578125 0.33125 0.05078125 0.04921875
8 0.6265625 0.3328125 0.04609375 0.05234375