4 0.6277346876891855 0.49028202801112586 0.5713389975267645 0.7749111799325924
8 0.34663128932263004 0.6771427203385542 0.053404404688076924 0.05341589149054773
8 0.3417645141842024 0.6255893106976338 0.05905362739018098 0.04407725292686635
8 0.3374787299464762 0.5709063558771736 0.053404404688076924 0.05341589149054773
8 0.3363401272332974 0.40678931372269583 0.05632914558877822 0.05030907220870695
8 0.33386716686969453 0.3560035185431561 0.05330427513842757 0.051853391490547726
8 0.7792321267718721 0.23227356441006694 0.14426684145441193 0.20388859016268784
6 0.6368944324473981 0.23075703708631218 0.13609579117755644 0.10075449980360833
6 0.6596808042820248 0.7448786244203296 0.14118380937615385 0.10703177088084707
2 0.3932595581395361 0.4900830818730685 0.04885660703211538 0.07994203005422928
2 0.40572448950720014 0.7455745577707675 0.04623225478036197 0.08773634933607007
0 0.5058746838316741 0.747336524789672 0.15344158235511304 0.2008181323171657
0 0.7865286967884841 0.4924843565645446 0.14094158235511306 0.20074540944452862
0 0.32943118830749435 0.2989768137226959 0.05067992288667415 0.05964771077238851
3 0.49638455813953614 0.48948311817381374 0.14218510487264702 0.12265677088084707
7 0.7993743599575509 0.7417212872827038 0.12183303207825791 0.09754768657189175
7 0.6377407433647115 0.4878791906771083 0.1374580320782579 0.09763859016268803
7 0.4838194972222228 0.23242914227611466 0.13423290252860873 0.09605790944452863
1 0.3824572563215215 0.2361450156162898 0.04470932757475108 0.11271816861791084