4 0.48199752843803695 0.38090947415454907 0.7870600116119754 0.5578256559102936
8 0.6586292584462843 0.665254433212505 0.054579851411925874 0.05247433664159899
8 0.6070212943396616 0.6692184952469983 0.04538670783841638 0.05828768899896417
8 0.5523110622863502 0.6725468564957032 0.054579851411925874 0.05247433664159917
8 0.3885213469260863 0.6708131902418183 0.05154577962517113 0.05545378742738745
8 0.3377628289793976 0.6723971149727587 0.05301735141192587 0.05240156203449331
8 0.22985366989997513 0.2249121470234626 0.2069894490629279 0.14227319892376142
6 0.22337268619731115 0.3672088089341214 0.10377352084968247 0.1343450748547749
6 0.7371396695042638 0.3534222131962943 0.11015991316955062 0.13932367328319825
2 0.47361541244463473 0.6153572487616549 0.080960494985435 0.04746150496239885
2 0.728970502178078 0.6073648504998472 0.08868206677218975 0.04470037799792799
0 0.7342239550019297 0.5072556885891885 0.2040917695960413 0.14994014970954977
0 0.48973713526023904 0.22217017494033736 0.20372805674305994 0.1374401497095498
0 0.2807088469260863 0.6758346381321225 0.06073892319868044 0.04964043507002245
3 0.47661604348173175 0.5122322487616549 0.12578491316955046 0.14005141935425697
7 0.7388649570469937 0.2136876251069531 0.10023934389007838 0.12013702564056317
7 0.4799492951310843 0.3708623860652079 0.10069398495630519 0.13576202564056317
7 0.2196984537482884 0.5202974216305685 0.09904055674305985 0.13256425103345731
1 0.21986828681781417 0.6217143724163567 0.11359113855894432 0.0427397717116218