4 0.50625 0.59609375 0.77109375 0.52109375
8 0.32109375 0.303125 0.05390625 0.05
8 0.37265625 0.3015625 0.04453125 0.05625
8 0.42734375 0.30078125 0.05390625 0.04921875
8 0.59140625 0.31015625 0.04921875 0.053125
8 0.6421875 0.3109375 0.0515625 0.04921875
8 0.76328125 0.7640625 0.20390625 0.13203125
6 0.765625 0.621875 0.09921875 0.1296875
6 0.2515625 0.61171875 0.10625 0.13515625
2 0.5078125 0.36171875 0.0796875 0.04453125
2 0.25234375 0.3578125 0.0875 0.04140625
0 0.25 0.4578125 0.19921875 0.14140625
0 0.503125 0.7546875 0.2 0.128125
0 0.69921875 0.31015625 0.05859375 0.04765625
3 0.5078125 0.46484375 0.121875 0.13515625
7 0.25390625 0.7515625 0.09765625 0.11484375
7 0.50859375 0.60625 0.09765625 0.13203125
7 0.76484375 0.46875 0.0953125 0.128125
1 0.76171875 0.3671875 0.11328125 0.0375