4 0.5299617133966729 0.5754265197006297 0.7608264156302031 0.5600745037978332
7 0.2791718471855692 0.44959073911540876 0.09957196856846853 0.1282738221398514
7 0.525301984489122 0.441778205998299 0.09808224317557439 0.12978175843752043
7 0.776256670592602 0.5879537684346855 0.0995719685684687 0.1282738221398514
3 0.7577270326698764 0.34132430509517436 0.1178082382131759 0.050912713972483384
3 0.5193002334556647 0.3465202697006299 0.11439213978475245 0.04455358656782167
8 0.3388999499572188 0.287088249915182 0.052547111248705036 0.05643353847458741
8 0.3888999499572187 0.28534221144059463 0.050984611248705035 0.056378974772256465
8 0.4414256364749834 0.2874205774125109 0.05218323821317572 0.04862103847458741
8 0.5960039745643246 0.27967502088175616 0.05225601282028158 0.05018353847458741
8 0.6445142491714304 0.2795460461094997 0.05069351282028158 0.05012897477225655
0 0.697076322992748 0.282405662081416 0.055162688998963996 0.04560516587924912
0 0.2943068114108115 0.7409424254130779 0.19957196856846854 0.13176589908902603
0 0.5306166848606255 0.5894890197006297 0.1941952638537389 0.15029764427970277
6 0.2788742865988179 0.3423957980084162 0.09905823821317572 0.050257949544513104
6 0.5366034733214704 0.7348288015517953 0.09608309553293921 0.1203521947351895
6 0.28623098407483727 0.6011532391154087 0.10135279238978612 0.13301588584218216
6 0.7775195717498937 0.7326759913928435 0.1025514193542568 0.12525794954451291
1 0.7702334948282042 0.44183273658352 0.11265416542531544 0.14121033175849823