4 0.5265053750557716 0.6310340832074123 0.757711612698482 0.5901410091467844
7 0.2764987633830539 0.47812961307689894 0.09884335969555132 0.13210395020978147
7 0.5226243468811511 0.4975587323775752 0.09734452669174569 0.13354805103961845
7 0.772677379504396 0.670716502923007 0.09884335969555132 0.13210395020978147
3 0.755586744105682 0.42330870665727344 0.1175350098858317 0.0556365385920639
3 0.5171781601132932 0.4021278332074122 0.11415534190105418 0.049149740251737836
8 0.33716039627312877 0.323064527393909 0.052228344866803764 0.058476273445216796
8 0.38716039627312876 0.3268533008391258 0.05066584486680368 0.05835787427505377
8 0.4396633137636147 0.33472592303958704 0.0519100098858317 0.050663773445216796
8 0.5942553132693231 0.34410369088572645 0.051973676882026074 0.0522262734452168
8 0.6427564802655176 0.34933656516078015 0.05041117688202608 0.05210787427505377
0 0.6952912312541008 0.3579904373612415 0.05490767589344294 0.047775571785542856
0 0.28993515817330795 0.769654262247062 0.1988433596955513 0.13968149710021507
0 0.5270783780215211 0.6450965832074121 0.19335736364988404 0.15795790041956295
6 0.2768250741437381 0.37145356058738804 0.09878500988583169 0.05421574855010754
6 0.5322181586675996 0.7903498836223306 0.09540002471457924 0.12405465186945541
6 0.2826744620139099 0.629692113076899 0.10059686068413445 0.1369098493799445
6 0.773097826652377 0.8148333558274364 0.10184102570316256 0.12921574855010753
1 0.7675057653602202 0.5246819525080884 0.11185269566510633 0.14555114357108573