4 0.50234375 0.59296875 0.7359375 0.53359375
7 0.2578125 0.45859375 0.09296875 0.125
7 0.50390625 0.459375 0.0921875 0.1265625
7 0.74765625 0.6140625 0.09296875 0.125
3 0.740625 0.3671875 0.115625 0.04609375
3 0.50234375 0.3640625 0.1125 0.03984375
8 0.325 0.2984375 0.05078125 0.0546875
8 0.375 0.2984375 0.0484375 0.0546875
8 0.42734375 0.30234375 0.05078125 0.046875
8 0.58203125 0.3 0.05078125 0.0484375
8 0.63046875 0.3015625 0.0484375 0.0484375
0 0.6828125 0.30625 0.05390625 0.04296875
0 0.259375 0.75 0.19375 0.125
0 0.50234375 0.60703125 0.18828125 0.14453125
6 0.2625 0.3515625 0.09609375 0.046875
6 0.5015625 0.75234375 0.090625 0.1171875
6 0.2578125 0.61015625 0.0953125 0.1296875
6 0.7421875 0.75859375 0.09609375 0.121875
1 0.7484375 0.46796875 0.10703125 0.1375