4 0.5202486604740567 0.3288148772814218 0.8147485490051001 0.6156859680280913
8 0.7334611385599576 0.5978895305041373 0.05824132675717593 0.05777192195277685
8 0.6833836184575761 0.602952442342045 0.05496128655241304 0.055844161837907615
8 0.6306522679456689 0.6051642992661046 0.059338706142887256 0.053267052010211556
8 0.46698341743376154 0.6203428902680217 0.05496128655241304 0.055844161837907615
8 0.41877847774090593 0.6283481720484947 0.057931246347650144 0.05464692195277685
0 0.3619083169218543 0.6286728541161407 0.06558870614288725 0.05399757223995003
0 0.7881920979812854 0.4326399279195797 0.21707861842866158 0.16436690746649968
0 0.5195570285288091 0.3138798122527044 0.21223607822389887 0.16225651729419593
2 0.79413090098373 0.5323152530631663 0.08466088450478396 0.043871762986599804
2 0.5449181999599155 0.5535409321952699 0.08215604532383551 0.049756502871730744
7 0.29585449016467835 0.5842329263560907 0.09809112573336139 0.05470780344607675
7 0.5338207273669966 0.4576298122527044 0.10522297515245516 0.12658280344607675
7 0.7578635910215805 0.15088262300573166 0.10726269371911493 0.11601056356094604
6 0.7740894883240462 0.2825486128908624 0.11192599781437292 0.1474431936183807
6 0.5050547204072917 0.17568987728142174 0.10975543494769227 0.12556819361838065
6 0.2809343366503264 0.4816558165283945 0.11177095760961002 0.14588069361838052
3 0.2682331378121389 0.3377231864709599 0.13302579679055845 0.1421875144224652
1 0.2574045193834772 0.1967329263560907 0.11897539474292937 0.12510147396298832