4 0.44607536959276023 0.3739368481207982 0.8116567208812974 0.5443098844961118
8 0.6033193604416585 0.6602704723614925 0.05793856613971151 0.052798998100139015
8 0.5533922932619572 0.6606529852792703 0.05466770049911425 0.05116376291777787
8 0.5014132073634505 0.657965049583819 0.05906346921791972 0.0481478656913195
8 0.33849662146494375 0.6578592128621872 0.05466770049911425 0.05116376291777787
8 0.2898403230040477 0.6613303581887845 0.05764683485851698 0.04967399810013902
0 0.23417378556643703 0.6563895914712845 0.06531346921791963 0.04829333605604162
0 0.6882913573216893 0.5016026807583674 0.2162529076537588 0.14535278685347244
0 0.44824234317843475 0.35907491432520794 0.21141954201316154 0.1436811840799308
2 0.6751226391437594 0.6009123497363188 0.08445904409314106 0.036266114741388834
2 0.42741446734674593 0.5988822967340274 0.0819175066555303 0.04244337955902786
7 0.17804985170614862 0.6062454275273261 0.09783423793672501 0.045932055470833434
7 0.43482270424348124 0.5028249143252079 0.10454405740420185 0.11780705547083344
7 0.7122763554495058 0.2196259821451383 0.10664799792002064 0.1069422906531945
6 0.7030757088190321 0.35158449696277716 0.11112781073196701 0.13822865824437508
6 0.4603702023712978 0.2208118481207982 0.10908569176360441 0.11635365824437507
6 0.18298948398557185 0.5032295303008679 0.11098194509136965 0.13666615824437506
3 0.19797162292052545 0.3594431627096873 0.13227348252898036 0.13092530452090284
1 0.2142245305742844 0.21874542752732618 0.11831482612300714 0.11500936379145843