4 0.51796875 0.61484375 0.7625 0.52578125
8 0.33359375 0.32421875 0.053125 0.0515625
8 0.38359375 0.325 0.05 0.05
8 0.4359375 0.32890625 0.0546875 0.04609375
8 0.59921875 0.3328125 0.04921875 0.05
8 0.64765625 0.33046875 0.05234375 0.0484375
0 0.70390625 0.33671875 0.0609375 0.04765625
0 0.26328125 0.48125 0.20234375 0.140625
0 0.5171875 0.6296875 0.1984375 0.1390625
2 0.2671875 0.38203125 0.08203125 0.034375
2 0.515625 0.38984375 0.07734375 0.04140625
7 0.76484375 0.38828125 0.09296875 0.04296875
7 0.5171875 0.4859375 0.09375 0.115625
7 0.265625 0.76328125 0.096875 0.1046875
6 0.2625 0.63125 0.0984375 0.1359375
6 0.51796875 0.76796875 0.0984375 0.1140625
6 0.76953125 0.49140625 0.0984375 0.134375
3 0.76796875 0.63515625 0.1203125 0.12734375
1 0.76484375 0.77578125 0.1078125 0.1125