4 0.49756862738699753 0.38670769846116776 0.771915741406724 0.5539890340856666
6 0.7472617340865415 0.6245859793070141 0.1020715773392725 0.045522780031772216
6 0.7489220420512249 0.364347908690163 0.10011018268618095 0.14546823295387146
6 0.4957697700509067 0.366422472000118 0.10011018268618095 0.14546823295387146
6 0.2479157147517234 0.6223623750016476 0.09916475334181776 0.06421823295387145
2 0.4933158373647258 0.22268610876959322 0.1061783693507266 0.1299523271096728
0 0.7433885626989076 0.22457234253753885 0.20167268268618094 0.1472410129856435
0 0.49599813140513305 0.5203559955390684 0.20018290802036276 0.1534637394466932
0 0.30958955876031385 0.6845799569825843 0.059956802673454226 0.05103639448011297
8 0.6807469434277229 0.6835712414818786 0.05534202800763595 0.05720457386326192
8 0.6292026247612684 0.6860337682672398 0.04749316534054522 0.053943206168510116
8 0.5768316027609502 0.6846036818220762 0.05377952800763595 0.05717730032431163
8 0.4143225120941775 0.6866588798729116 0.05377952800763595 0.05717730032431163
8 0.36196058076063203 0.686010043427748 0.04912839067472685 0.060220479707460584
7 0.49331912141945067 0.6258929293864443 0.09113407733927233 0.045331865259119655
7 0.7507310847389966 0.519816658690163 0.1015817760184536 0.13768300649282175
7 0.24321584003022587 0.21845612500164763 0.09991018801718106 0.12828073295387146
3 0.24116518073676954 0.5123015823879739 0.1267272266868172 0.15061938311602727
1 0.24021920404995223 0.36385044561849866 0.11875109468490823 0.13642051542127548