4 0.5557723153973027 0.5281877862670056 0.6165947003338248 0.7971128205384599
6 0.28908846304476327 0.7609569707078689 0.05382761330958896 0.1041106473268119
6 0.5487795924304745 0.7807968467762318 0.15351753290006317 0.10680998407380997
6 0.5762398556020656 0.5278083546687397 0.15351753290006317 0.10680998407381015
6 0.34956130846651223 0.2623752575395719 0.07226753290006319 0.10207771046687401
2 0.720067375704447 0.5353995887425498 0.13851269371911493 0.11214993145709151
0 0.6890109429423819 0.7850355676958624 0.16344010600488926 0.20680998407381015
0 0.42248864580682843 0.5172818363940624 0.16969010600488926 0.20717400512049763
0 0.2802334904807588 0.319627044441862 0.05589152778099056 0.062287168373499215
8 0.23794269184956826 0.6904022760260106 0.061676407166701794 0.05796368942018652
8 0.2414965186067442 0.6387487707643388 0.057776206142887254 0.04996917889684287
8 0.24903411546630166 0.5865415286568465 0.061521366961938814 0.05640118942018653
8 0.265939546761644 0.42408703128768244 0.061521366961938814 0.05640118942018653
8 0.27269589362120145 0.37183428654935424 0.06418124634765014 0.05189569994353018
7 0.31740749631873577 0.5072327312312127 0.05274233187624864 0.09317314732681173
7 0.3933108424304745 0.7717418232398828 0.14586007310482607 0.10791745776545074
7 0.7534675584665123 0.28590011768174495 0.13633003290006318 0.10580892619541978
3 0.4602601991831824 0.2633223784874373 0.16084071638103267 0.13364549985882573
1 0.6086201790808009 0.27274912834626297 0.14600301535721805 0.125013952503779