4 0.50703125 0.6046875 0.76484375 0.540625
6 0.26015625 0.3625 0.1015625 0.04453125
6 0.25546875 0.62265625 0.0984375 0.14453125
6 0.50859375 0.625 0.0984375 0.14453125
6 0.759375 0.3734375 0.0984375 0.06171875
2 0.509375 0.76875 0.1046875 0.12890625
0 0.259375 0.7625 0.19921875 0.14453125
0 0.51015625 0.47109375 0.1984375 0.15078125
0 0.6984375 0.31015625 0.05859375 0.05078125
8 0.32734375 0.3046875 0.0546875 0.05546875
8 0.37890625 0.303125 0.04765625 0.05390625
8 0.43125 0.30546875 0.05234375 0.05703125
8 0.59375 0.30625 0.05234375 0.05546875
8 0.64609375 0.3078125 0.0484375 0.05859375
7 0.5140625 0.365625 0.090625 0.04375
7 0.25546875 0.4671875 0.1 0.1359375
7 0.759375 0.77734375 0.0984375 0.1265625
3 0.76484375 0.48359375 0.125 0.1484375
1 0.7640625 0.63203125 0.1171875 0.13359375