4 0.5078125 0.57734375 0.7265625 0.52109375
2 0.27265625 0.33671875 0.0796875 0.04453125
2 0.50859375 0.34375 0.078125 0.046875
3 0.74765625 0.3484375 0.11875 0.05078125
0 0.26640625 0.4375 0.19296875 0.1453125
7 0.51171875 0.446875 0.09140625 0.12734375
7 0.7515625 0.60546875 0.09609375 0.13125
7 0.27109375 0.73359375 0.0953125 0.12109375
6 0.50859375 0.740625 0.090625 0.12265625
6 0.74609375 0.74765625 0.1 0.125
6 0.26796875 0.5921875 0.096875 0.1453125
1 0.75234375 0.453125 0.109375 0.13671875
8 0.5109375 0.59765625 0.1875 0.1578125
8 0.33515625 0.28203125 0.0546875 0.0515625
8 0.3875 0.28046875 0.04609375 0.0484375
8 0.4375 0.28203125 0.0484375 0.04765625
8 0.58828125 0.28203125 0.0515625 0.0546875
8 0.63828125 0.28515625 0.0421875 0.0578125
0 0.68984375 0.28515625 0.05625 0.0578125