4 0.4921875 0.3767085732118437 0.7265625 0.5897025228777545
2 0.72734375 0.5953807943019468 0.0796875 0.05118914767046334
2 0.49140625 0.6103752560321424 0.078125 0.05416828202986608
3 0.25234375 0.6280051990435325 0.11875 0.06108578868539638
0 0.73359375 0.4940160817395576 0.19375 0.16339983943406794
7 0.48828125 0.507541987313337 0.090625 0.13658520715464456
7 0.2484375 0.37133861314502586 0.096875 0.14029366971703397
7 0.72890625 0.1983599286613495 0.0953125 0.1307728040764366
6 0.49140625 0.2135002560321424 0.090625 0.13033520715464464
6 0.25390625 0.22864058340293525 0.1 0.13433540099822858
6 0.73203125 0.33947444738015486 0.096875 0.15435616971703398
1 0.24765625 0.5237552959653244 0.109375 0.14771059484181243
8 0.4890625 0.3566878044930384 0.1875 0.1753163768716785
8 0.66484375 0.6559029199258397 0.0546875 0.05666779742090622
8 0.6125 0.66235191888585 0.046875 0.05281346921791972
8 0.5625 0.6654571193849643 0.0484375 0.05139683485851698
8 0.41171875 0.6795331537026058 0.0515625 0.05950106613971151
8 0.36171875 0.6810758542017201 0.0421875 0.061750872296127746
0 0.31015625 0.6858894203414317 0.05625 0.06306366306150366