4 0.3841765196970172 0.4831955767177648 0.5769306141258062 0.7569582573983975
2 0.6426205948065523 0.2340245164203001 0.0497883576783142 0.08223564732681173
2 0.6177110701119357 0.47037154009782345 0.05279495850815117 0.08085515785015537
3 0.594908497076993 0.7097070558828389 0.05899833693238978 0.12166216837349922
0 0.5423129414872043 0.23364435579813433 0.15999399710021506 0.20221348933548197
7 0.5143492717716096 0.47950288736816543 0.1349921518694554 0.09808743145709169
7 0.33758124915158544 0.7285836714278581 0.13859074855010753 0.10451944198043535
7 0.24586399397671538 0.25557735288494976 0.1290973493799445 0.1024109104104042
6 0.2208360701119357 0.49348687656247303 0.12874215186945542 0.0977234104104042
6 0.19580814624715606 0.7313964002399963 0.1325775468904335 0.10728042093374804
6 0.38750704231704136 0.24421637670364738 0.15265324855010745 0.10533848933548198
1 0.489865799566504 0.7204919084148529 0.14578794191141178 0.11738346302712266
8 0.3636272213566912 0.48750364511949884 0.17202040041956296 0.1966915314288567
8 0.6925721280000314 0.2933393322617853 0.05570647095570571 0.05769067363517104
8 0.6901682557995701 0.34559207700011346 0.051989475104890735 0.0496961631118273
8 0.6848169823543533 0.39568308226178533 0.05054537427505359 0.051167657850155465
8 0.6733914624336215 0.5464643322617853 0.05859467261537965 0.05474768415851479
8 0.6664776889884048 0.5966463427851291 0.06100927759440165 0.045554694681858444
0 0.6625705163730249 0.648208842785129 0.06207487012586874 0.05961719468185844