8 0.31328125 0.20234375 0.05546875 0.07421875
8 0.36328125 0.20234375 0.04921875 0.06484375
8 0.4171875 0.2078125 0.0609375 0.06484375
8 0.57890625 0.21015625 0.0484375 0.06640625
8 0.628125 0.2109375 0.04765625 0.06484375
8 0.496875 0.565625 0.1890625 0.17890625
0 0.6859375 0.215625 0.06640625 0.06484375
7 0.24140625 0.38671875 0.09609375 0.1453125
7 0.49765625 0.39296875 0.09375 0.14375
7 0.74765625 0.28046875 0.09453125 0.04453125
3 0.74921875 0.5765625 0.121875 0.1734375
0 0.2421875 0.72109375 0.2078125 0.15234375
6 0.24375 0.26875 0.10546875 0.0515625
6 0.240625 0.55625 0.0984375 0.15390625
6 0.4953125 0.72578125 0.0953125 0.1359375
6 0.75234375 0.39765625 0.10390625 0.16015625
2 0.4953125 0.2796875 0.0828125 0.053125
1 0.74375 0.7359375 0.1125 0.1390625
4 0.4953125 0.54296875 0.771875 0.6203125