8 0.7145735200399018 0.8456763028893326 0.05886905771188111 0.07893338317182241
8 0.6645735200399019 0.8421799622921571 0.0522916754978958 0.06912134059717552
8 0.6104762970817439 0.8329417200858271 0.06322917549789597 0.0698861651028075
8 0.44867570152824765 0.8192894934668375 0.050729175497895976 0.0690120799535137
8 0.39942966967708216 0.8150665331914929 0.049166675497895974 0.0689028193098519
8 0.5182937092479779 0.4695569272590787 0.19528276206571746 0.1913455378830699
0 0.3414534785700896 0.8063363893760087 0.06791667549789597 0.07021394703379294
7 0.7800100031648609 0.6663272924977723 0.10194942431676957 0.15208665990702758
7 0.5235417483555376 0.6421585469372478 0.09876986061443879 0.15030563861970414
7 0.2774703349233591 0.7371768439513702 0.09527778366526399 0.05030563861970414
3 0.2655680133316619 0.4409738333077085 0.12793157095872498 0.18195983020561535
0 0.7675521208660578 0.33189766217594147 0.21315974282842376 0.16765666560701079
6 0.7817858126908405 0.7841321515322799 0.10805060217691817 0.05899222376899793
6 0.7748710914619631 0.49685067281960327 0.10378474282842376 0.16000842055068923
6 0.5142634297590651 0.30950993790274045 0.10005954210278442 0.14260239926336576
6 0.2686905572485449 0.619661562020385 0.11025299763774728 0.16669546312533612
2 0.5298413667745245 0.7556036879027405 0.08466766587924894 0.058915814114071804
1 0.26547126569391466 0.2819812455605245 0.11735616950744614 0.14692926634364492
4 0.5206473829317754 0.49232243790274044 0.7935367898253498 0.6742872579688971