8 0.8159028049652057 0.31328125 0.07827618942018652 0.05625
8 0.8188149733387048 0.36328125 0.06853716837349921 0.05
8 0.8164859048663837 0.4171875 0.0691742052052021 0.0609375
8 0.82356119944942 0.57890625 0.06844616311182747 0.0484375
8 0.8256466151920833 0.628125 0.06835515785015538 0.046875
8 0.46331467321164793 0.496875 0.1891366366622936 0.1890625
0 0.8243263098739417 0.6859375 0.06944722099021768 0.065625
7 0.6273415629283007 0.24140625 0.15095482622365458 0.096875
7 0.6360164258424839 0.49765625 0.14921031570031093 0.09375
7 0.7630772677099797 0.74765625 0.04921031570031094 0.09375
3 0.46707452297165164 0.74921875 0.1805359104104042 0.121875
0 0.2930120655591366 0.2421875 0.1652286998023559 0.2078125
6 0.7454468208208085 0.24375 0.05775085779368574 0.10625
6 0.45776481029746474 0.240625 0.15885833148532652 0.0984375
6 0.30306741794997616 0.4953125 0.14148882096198276 0.0953125
6 0.6461627834949952 0.75234375 0.165472352532014 0.1046875
2 0.7491611679499762 0.4953125 0.05794827886860787 0.0828125
1 0.3073810045558002 0.74375 0.14561487884037305 0.1125
4 0.4858799179499761 0.4953125 0.6652690992658934 0.771875