4 0.50078125 0.553125 0.7515625 0.58671875
6 0.25859375 0.29296875 0.1 0.0640625
6 0.25 0.58203125 0.09375 0.13828125
6 0.753125 0.4234375 0.0984375 0.1484375
6 0.5015625 0.74140625 0.096875 0.1328125
0 0.5015625 0.5828125 0.1984375 0.16953125
0 0.25625 0.7375 0.1984375 0.14609375
0 0.7484375 0.7515625 0.19921875 0.1390625
8 0.75390625 0.58984375 0.1984375 0.165625
7 0.25390625 0.4125 0.096875 0.14453125
7 0.50390625 0.41640625 0.09453125 0.14921875
7 0.7484375 0.29765625 0.0953125 0.0609375
3 0.5046875 0.296875 0.11640625 0.07265625
8 0.3234375 0.21796875 0.0546875 0.06640625
8 0.37578125 0.2171875 0.04453125 0.0625
8 0.4265625 0.21796875 0.0546875 0.05625
8 0.584375 0.225 0.05234375 0.06015625
8 0.634375 0.2234375 0.046875 0.05546875
0 0.68828125 0.2296875 0.06015625 0.05