4 0.446875 0.48257248908840406 0.5875 0.7755012905690913
6 0.70703125 0.22978443422203787 0.0640625 0.10261034684397004
6 0.41796875 0.2329690785180003 0.1375 0.09935269566510652
6 0.5765625 0.7296318784042695 0.1484375 0.10448586463846717
6 0.25859375 0.4910256121298282 0.1328125 0.10228669467652321
0 0.4171875 0.4845634120160975 0.16875 0.20531353558899426
0 0.2625 0.24555394463934227 0.146875 0.2044221976422728
0 0.2484375 0.7383144476050918 0.1390625 0.2041038626613009
8 0.41015625 0.7371936634989723 0.165625 0.2051862015966055
7 0.5875 0.22996745943090877 0.14375 0.10273236364988403
7 0.58359375 0.48012662692139474 0.15 0.09986203163466172
7 0.70234375 0.719819185210621 0.0609375 0.09779551285158128
3 0.703125 0.4760373517125238 0.071875 0.11855368182494211
8 0.78203125 0.29157216840470707 0.065625 0.05736151384016441
8 0.7828125 0.3438840849066099 0.0625 0.046296679847775656
8 0.78203125 0.39469716840470703 0.05625 0.05697951186299806
8 0.775 0.5527961698875818 0.059375 0.0555443458553869
8 0.7765625 0.6027325028913875 0.05625 0.04916701186299814
0 0.7703125 0.656893420876165 0.05 0.061412343878220456