4 0.4089280659627509 0.5059811113939973 0.6444500008484144 0.7583986814130872
6 0.6874361873380195 0.26682080342931375 0.0716400468904336 0.1007454346753632
6 0.3990248827739162 0.2548635067234065 0.14460395020978148 0.09534995735199914
6 0.5194940999814225 0.7598339120782691 0.15589664772027056 0.10016472668681722
6 0.2205876163776693 0.5045715107017712 0.14015324855010744 0.09842041335136287
0 0.3791813663776693 0.5064169160566337 0.18378669461070407 0.20040108402290802
0 0.24308253609326408 0.25930446403563473 0.16191169461070407 0.20014654535327187
0 0.1917242974919115 0.7513283320337256 0.15409919461070407 0.20005563868554468
8 0.35302865039634096 0.7586788500556793 0.18066169461070408 0.20036472135581712
7 0.5682601348485086 0.26074243141308723 0.15109074855010754 0.09854768268618094
7 0.5454100176224248 0.5106969780792235 0.15710395020978146 0.09549540802036276
7 0.6456305474919115 0.7566100094286774 0.0681598493799445 0.09602157200827222
3 0.6648820680373433 0.5128691000954502 0.0806365385920639 0.11646134134309047
8 0.7575226217762541 0.3325372574394951 0.06976897095570589 0.05545111600890866
8 0.7543374995757928 0.38489009810626784 0.06581517676456468 0.044477253341817756
8 0.7497082765454944 0.4356622574394951 0.06039397095570589 0.05534202800763595
8 0.7307187103590291 0.5933929414385406 0.06340057178554268 0.05381589067472685
8 0.7284924369138123 0.643411122772086 0.059801975104890735 0.04752952800763595
0 0.7181576655431879 0.6972446474379043 0.054499168466194806 0.059956802673454136