4 0.4984375 0.51796875 0.76171875 0.6296875
2 0.24765625 0.2328125 0.08359375 0.05625
0 0.2453125 0.359375 0.20234375 0.17734375
0 0.68515625 0.171875 0.05703125 0.05625
0 0.4984375 0.2375 0.19453125 0.05546875
8 0.31484375 0.1640625 0.0546875 0.059375
8 0.36796875 0.165625 0.04765625 0.06953125
8 0.4203125 0.165625 0.053125 0.0625
8 0.578125 0.16875 0.04921875 0.06015625
8 0.63046875 0.1671875 0.05234375 0.065625
6 0.496875 0.3609375 0.0953125 0.15859375
6 0.24453125 0.5421875 0.0984375 0.16484375
6 0.74375 0.7203125 0.09921875 0.14375
2 0.496875 0.53828125 0.10390625 0.165625
7 0.24765625 0.71484375 0.09921875 0.1375
7 0.49765625 0.7125 0.0921875 0.1421875
7 0.75078125 0.55078125 0.09453125 0.1546875
1 0.7515625 0.36796875 0.1140625 0.15078125
3 0.74609375 0.24296875 0.12109375 0.06171875