4 0.5268246873575284 0.45867060111901975 0.7955005235172902 0.6652015082676584
2 0.7925503431687082 0.7321465266785296 0.08732293758467122 0.06017982878371626
0 0.7882612336031982 0.6054748647678709 0.21246013568479186 0.1875856989237615
0 0.3582439422187685 0.8134609166681697 0.05919793758467105 0.05886988585581108
0 0.5415234317033188 0.7391393511190197 0.19669793758467105 0.06527405128112633
8 0.7289658779944173 0.8040258347840815 0.057799211894930556 0.06192211124870504
8 0.6757589908392875 0.8049376714256807 0.0520405348257091 0.07100601282028159
8 0.6234152408392875 0.807375620763727 0.05640048620519007 0.06497433664159899
8 0.465438966529028 0.8116008560814185 0.05154921189493056 0.061631012820281585
8 0.4131771036841577 0.8156013054194649 0.056564260515449584 0.06809933664159899
6 0.5366168464480685 0.6156290765119139 0.10366498982323477 0.16381425103345731
6 0.7794616864530173 0.42262597746431796 0.1071175384437538 0.17020980024766902
6 0.27090780076822557 0.2677524644346394 0.10753361827193722 0.1484075748547749
2 0.5273226543408416 0.4382853265119139 0.11180503844375381 0.1704281240689866
7 0.7672881558111797 0.2501152766785297 0.10720606965141818 0.1421575748547749
7 0.5174109865438743 0.26410296381546683 0.09963923111680746 0.14648120181924557
7 0.2727613070998037 0.4376112001666158 0.10185682835784542 0.15905397642635144
1 0.2815608542499846 0.6204600874701687 0.12192366689245623 0.15531254631872748
3 0.2935805766603648 0.7452053763452982 0.12515048620519006 0.06817641935425697