4 0.4887560610033364 0.5377824033738652 0.6740980676958623 0.8065320393956792
2 0.18899346650500468 0.7686235859055985 0.061164284130279876 0.08830838317182241
0 0.31541945861249693 0.7798174480421991 0.18995568401734034 0.21558071337743775
0 0.15353743977312242 0.3268624208027909 0.05952618942018657 0.06018338317182241
0 0.20828731100333644 0.5181701178365837 0.06753465244730927 0.1976833831718224
8 0.12415669275689419 0.6966286175844821 0.06256018415851469 0.05883940445914604
8 0.12881337165373705 0.643612878228144 0.07157116311182735 0.05324496832111621
8 0.13186204791974399 0.5912691282281439 0.06559417889684287 0.057495425746469306
8 0.14417857934860073 0.43367514951546743 0.062287168373499166 0.05415190445914604
8 0.1456647556146077 0.38122213887180567 0.06871917889684287 0.057713947033792845
6 0.33163380574166457 0.5283642086858608 0.16492632096198284 0.10645708565349707
6 0.498186455981661 0.793382193350622 0.1713583314853265 0.11001912822814397
6 0.7053876370858168 0.30661915672805984 0.14957433674699844 0.11005197921687966
2 0.5089775557416646 0.5407652917414677 0.1716313472703419 0.11470662822814397
7 0.6710247165050047 0.8023304944752437 0.14332433674699843 0.10961493664223276
7 0.6832418083725005 0.5521666035097512 0.14755681043863902 0.10213021857321784
7 0.5362659107633401 0.2877331268907616 0.16014781570031095 0.10456680372251181
1 0.35349891339417605 0.2741683815823386 0.15664338410204498 0.12455152179152655
3 0.22818039497832454 0.2708962800893998 0.0695984104104042 0.1262454257464694