4 0.4984375 0.5265625 0.81484375 0.61875
2 0.2328125 0.23828125 0.08671875 0.05234375
2 0.17109375 0.128125 0.04609375 0.05625
2 0.5 0.24375 0.08359375 0.05234375
6 0.303125 0.13359375 0.040625 0.059375
6 0.3359375 0.13203125 0.03046875 0.0640625
6 0.36875 0.13828125 0.03359375 0.059375
6 0.22890625 0.53828125 0.1 0.17265625
6 0.50234375 0.70625 0.10078125 0.14296875
6 0.7734375 0.55234375 0.10859375 0.1578125
1 0.3015625 0.065625 0.040625 0.05625
1 0.33125 0.06796875 0.03046875 0.0640625
1 0.3703125 0.071875 0.03359375 0.0640625
0 0.58671875 0.13984375 0.0765625 0.06875
0 0.50390625 0.5375 0.21640625 0.17734375
0 0.23203125 0.3625 0.21796875 0.159375
8 0.428125 0.140625 0.06953125 0.0609375
8 0.50390625 0.14140625 0.06875 0.07265625
5 0.71953125 0.1453125 0.03984375 0.05390625
5 0.7578125 0.14375 0.03984375 0.0640625
5 0.79609375 0.14140625 0.03671875 0.059375
5 0.76953125 0.37109375 0.11015625 0.15625
5 0.50390625 0.35625 0.10859375 0.15
5 0.2328125 0.709375 0.1125 0.13359375
3 0.72109375 0.0796875 0.04453125 0.07109375
3 0.75859375 0.0765625 0.0390625 0.07421875
3 0.7984375 0.0765625 0.0390625 0.0609375
3 0.76640625 0.7203125 0.12109375 0.1515625