4 0.5148885032310412 0.49237131737373546 0.6377338825962507 0.8264253214243347
2 0.22042476273034656 0.763028285310073 0.05516158510611122 0.08842730032431163
2 0.10883199287871456 0.8266698198060721 0.057341027735416716 0.04785684740221221
2 0.23211237082222178 0.495745327923747 0.05508884992374998 0.08530230032431163
6 0.11737380433347164 0.6945431124197459 0.06032055737069446 0.04166139448011279
6 0.11657502374826334 0.6617578859586963 0.06478985182361115 0.03236821509696384
6 0.12358874316305504 0.6288362918028949 0.06017508700597225 0.03541139448011297
6 0.5203338437523952 0.7616980158316078 0.17420252583555573 0.10300008928453756
6 0.6946669222089927 0.48532861039444636 0.14607752583555572 0.10250916558343129
6 0.5470704492788192 0.21692130398105483 0.160358231382639 0.11212962743398433
1 0.04936868674229108 0.6972920113640857 0.05719555737069448 0.04160684740221221
1 0.05240342097472166 0.6675636010556601 0.06478985182361115 0.03236821509696384
1 0.05721886075423558 0.6284329172082843 0.06486258700597225 0.035493215096964015
0 0.13022452213274271 0.41084026826394454 0.07053201196784728 0.07776253571381489
0 0.5259532898001732 0.48671165260108307 0.18314372758291686 0.21873418344033874
0 0.3446253289347563 0.7616412889635211 0.16446646276527793 0.2215319009729347
8 0.12731446162791618 0.5694203814944694 0.06257404160312507 0.07137616801906325
8 0.1298595398001732 0.49362549472499423 0.0734751740119445 0.07000458279171565
5 0.13878451738309003 0.2779323108776184 0.05407055737069451 0.04155230032431154
5 0.13811302336701367 0.23967833441656872 0.06500805737069451 0.04174321509696392
5 0.13666027935093733 0.20143799472499424 0.060247822188333355 0.03853639448011288
5 0.3657295303008678 0.22399128449929426 0.158795731382639 0.11210235389503395
5 0.3447032898001732 0.48987538311932244 0.152545731382639 0.11199325973923262
5 0.6915185127303466 0.7548053133165457 0.13699346656500017 0.1148455243497292
3 0.0731958849742706 0.27751529951353265 0.07289329255305559 0.04500458279171564
3 0.07094370716260397 0.24006984659143335 0.07590918977951393 0.04037162986961631
3 0.07187108073770816 0.20022609659143337 0.06184668977951393 0.040126168019063255
3 0.7148755451185067 0.22102064854389325 0.15439917211208343 0.124520533278183