4 0.46161666308599536 0.49170835467190643 0.8588922148900471 0.6757840559914257
2 0.21615025184158543 0.2220014140944015 0.09121486188449897 0.059243596045057155
2 0.16213437721973772 0.11616095951904 0.05080838317182246 0.05952781930985207
2 0.4829553395887693 0.2087865940282448 0.08808986188449897 0.059025074757733706
6 0.29378321496692167 0.1123971851296234 0.04477690445914586 0.062215776735205085
6 0.3267049756105834 0.10854021161272698 0.03572968639013112 0.0662477128732347
6 0.3590804330359364 0.11249573809583054 0.03852690445914586 0.061778734160558194
6 0.19126595825853226 0.5222745657035558 0.11201867080279086 0.17886768119435104
6 0.4529579390648958 0.6711227030627522 0.11005197921687966 0.15074268119435102
6 0.7348138624655767 0.4982597313874411 0.12041032500983526 0.16546074505632155
1 0.29697355296620714 0.04453769577328513 0.04455838317182241 0.05909077673520511
1 0.32649716200071455 0.044805493543712174 0.03572968639013112 0.0662477128732347
1 0.3652865103915602 0.0459802274521688 0.03885468639013112 0.06646623416055816
0 0.5769399223922747 0.0988163783050185 0.08136996832111638 0.074103771539425
0 0.4663205885803632 0.5022634424190905 0.22808071337743777 0.19320296882531948
0 0.20668278067047746 0.3462747944162324 0.229894585653497 0.17467149011264294
8 0.4182915420704439 0.1106875836366846 0.07301116510280767 0.06574496832111634
8 0.49401816174861296 0.10616969241909044 0.07377598960843983 0.07668246832111633
5 0.7093700101394587 0.09499797359377102 0.04433986188449897 0.055965776735205086
5 0.7477605207831204 0.09075858782405852 0.04510468639013112 0.0669032767352051
5 0.786205661748613 0.085737952054346 0.041651904459145864 0.06199725544788166
5 0.7435818471303379 0.3172828829965955 0.12030106436617345 0.16389824505632147
5 0.4789948232451244 0.32101344241909047 0.11986402179152655 0.15764824505632147
5 0.1832081677775723 0.6930951640944014 0.12189641535490918 0.14224176634364483
3 0.7155214571732514 0.03336543098068679 0.04877598960843983 0.06673086196137358
3 0.753239978460575 0.031191107773999666 0.04430701089576328 0.06238221554799933
3 0.793083728460575 0.026282409567312547 0.043323665102807676 0.052564819134625095
3 0.7160370932719402 0.666720154283919 0.13247328243518836 0.16008483020561534