4 0.45488330041399394 0.45759641490547764 0.8232031725528343 0.7106315530763758
6 0.23698872075228666 0.14833854781181846 0.10589152778099047 0.059956782981095545
3 0.4897261202403794 0.15371743598271653 0.12229172880480502 0.0678601865718917
8 0.729420879011802 0.16449235128097764 0.19149475146672276 0.08856357201231528
5 0.22240889252838789 0.28739650263227867 0.12206410088581662 0.15999314441741408
5 0.47467512242600646 0.28964584562363693 0.11924918129534241 0.16309996369925478
0 0.724454660071233 0.30907814343545537 0.21516974416202306 0.18552038524403178
6 0.2034225164211172 0.4866197978118185 0.1145495833429715 0.17868860226293642
8 0.45756132672826155 0.4857532311622563 0.21313002559536348 0.19643970452587264
1 0.7021821947830139 0.5020287127172962 0.12237418129534242 0.1631181444174139
8 0.18864642174718682 0.6749237737095175 0.20798950293344562 0.17610902380771343
6 0.4373940021567126 0.6732441408031767 0.10769152047629085 0.1567863311856975
5 0.6797486403138465 0.688724736819597 0.11472881945247622 0.14901928298109546
2 0.18744062682617493 0.025323228628173555 0.03902620614288725 0.0470749878997516
6 0.31213054641664917 0.029175457354542973 0.03667640716670171 0.054869307181592365
6 0.3441617964166491 0.029361809715675136 0.03667640716670171 0.05486930718159235
6 0.3745530263142677 0.030320321717727684 0.03526894737146469 0.05642271682251274
8 0.43033790569997893 0.03533507464459392 0.07369918860004213 0.06601588544042356
8 0.4997916355975975 0.0365208456236369 0.07697922880480501 0.0675965661585828
0 0.5757279258023604 0.035399228038998365 0.07963910819051634 0.06292724687674203
5 0.7019742964166491 0.031443501944907595 0.041363907166701706 0.05489657825883121
5 0.7385380062118863 0.03321962538327861 0.038083866961938995 0.05331589754067197
5 0.7761155263142676 0.03265654400118943 0.04308144737146478 0.05646816861791082