4 0.5074247655478323 0.4522913381710196 0.7633184000185775 0.8149138686151838
6 0.8340627336037532 0.1769237339294461 0.06695254689043359 0.10519463939685174
3 0.8109758180373433 0.43039048652134426 0.07594903859206355 0.12150314458064795
8 0.7833673458322374 0.6718356927418998 0.10135270290907386 0.1904677580585183
5 0.6950594331888347 0.1883088762010199 0.1674261435710857 0.12019350574944414
5 0.6751567172075064 0.4407209767193995 0.17031434523075967 0.11734190782296264
0 0.6381257008112595 0.693855538642131 0.19941169461070415 0.21456822233759212
6 0.4957814836037532 0.20651950838782507 0.18546574855010753 0.11245891819055523
8 0.47888536845226176 0.46022070683268623 0.20999399710021507 0.21083762959490712
1 0.44539374915158547 0.7076131166818991 0.17055114357108572 0.12046690782296281
8 0.3072042356783456 0.22689823331731543 0.189444698759889 0.20593551611703678
6 0.2915037676224248 0.475062331243797 0.16323555103961845 0.10585760367592556
5 0.258970997076993 0.7200426405746303 0.1560150468904335 0.11298659849212936
2 0.9613957508251925 0.10447395254384446 0.04947978174358667 0.03847603110277768
6 0.9487988172121508 0.229747354617363 0.05705548340326061 0.03603453628657398
6 0.9463716342238087 0.261778604617363 0.05705548340326061 0.03603453628657398
6 0.9432816004056296 0.2923157051357426 0.058499584233097576 0.03460873732333321
8 0.9343317302797608 0.34897580824602037 0.07071616431700996 0.07292894354388872
8 0.9282817172075063 0.41857540876439997 0.07251546265733602 0.07619064458064813
0 0.9241018574545997 0.49421995772764077 0.06806476099766243 0.07890554147037018
5 0.9192582242564761 0.619591104617363 0.0574106809137497 0.04072203628657398
5 0.9149133437576452 0.6564465556541222 0.05561138257342364 0.037460335249814666
5 0.9128530136737325 0.6938782051357426 0.05909158008391273 0.04242123732333312