4 0.5 0.4546875 0.75390625 0.70546875
6 0.2515625 0.146875 0.10078125 0.05859375
3 0.5046875 0.15078125 0.11640625 0.0671875
8 0.7453125 0.16015625 0.1828125 0.08671875
5 0.25078125 0.2859375 0.10625 0.16015625
5 0.503125 0.28671875 0.103125 0.16171875
0 0.7546875 0.3046875 0.19765625 0.18515625
6 0.2515625 0.48515625 0.09765625 0.17734375
8 0.50546875 0.4828125 0.19296875 0.1953125
1 0.7515625 0.49765625 0.10703125 0.16328125
8 0.25546875 0.6734375 0.19140625 0.17421875
6 0.50390625 0.6703125 0.0921875 0.15546875
5 0.74765625 0.684375 0.10078125 0.1484375
2 0.18984375 0.02421875 0.03515625 0.04765625
6 0.31484375 0.02734375 0.03203125 0.0546875
6 0.346875 0.02734375 0.03125 0.0546875
6 0.37734375 0.028125 0.0296875 0.05625
8 0.43359375 0.0328125 0.0671875 0.06484375
8 0.503125 0.03359375 0.0703125 0.0671875
0 0.57890625 0.03203125 0.0734375 0.06328125
5 0.7046875 0.02734375 0.0359375 0.0546875
5 0.74140625 0.02890625 0.0328125 0.05234375
5 0.77890625 0.028125 0.03828125 0.05625