2 0.03285541472827979 0.7834622860275167 0.060181972791362406 0.0986210384745874
2 0.1946090972565788 0.48124996688289023 0.1688953533054017 0.12576887023308564
6 0.33811770351488896 0.7673536140729997 0.1812311279377991 0.1246428798517325
6 0.07474939652137355 0.48854909011120073 0.05837077573218337 0.11101191106992551
0 0.002043607358096142 0.3975644807627063 0.004087214716192284 0.07307540145127885
0 0.23802570221165947 0.19406742541307792 0.18614845293477716 0.23067462504240904
0 0.15456618936067718 0.7807688172457099 0.18713380514039293 0.2400496250424089
5 0.36899207262418143 0.4736036140729998 0.16248112793779904 0.12398811542376223
5 0.5064149042500942 0.7583630160724327 0.14998112793779902 0.12355160580511537
5 0.577212550741249 0.1884498201561168 0.1430742264673885 0.11708335099579185
1 0.5320269845727774 0.4702454571794254 0.1456220786730043 0.1265129146981227
1 0.40800975147645424 0.19124498185901465 0.15466862793779904 0.12371529691210785
8 0.10969660000604375 0.20788936715304268 0.09388119925875102 0.2118849303072194
5 0.0047884847460022304 0.2548685492743606 0.009576969492004461 0.040262901451278844
5 0.007622551841034973 0.21343501742319515 0.015245103682069947 0.0356299651536097
4 0.344988767280345 0.49271820182194775 0.68997753456069 0.9028572261230188