2 0.15230340198135212 0.7861545813176372 0.054512025640563164 0.09745680267345432
2 0.2689085893276863 0.4869801899665925 0.16185364474715103 0.12213063335454458
6 0.0511903581438239 0.7130721646642273 0.03753854135632886 0.034793170671545325
6 0.45673619085648165 0.7771404712762753 0.17428087014004526 0.12071358402290802
6 0.14952288854189802 0.4914960619828189 0.051969222497410025 0.1099204400063634
6 0.0478448802697304 0.6748090959977728 0.03455909057054059 0.037881808004454245
6 0.044681338913401536 0.6404522773313183 0.029580492142117155 0.031577264003817974
8 0.04478619271850846 0.5755721646642273 0.03892125889134015 0.06448067067154532
8 0.04081997663123922 0.49041591466422735 0.03913958271265773 0.06916817067154532
0 0.04355752481199364 0.39814659866327284 0.037722631926869435 0.07227498933799978
0 0.26883569892376147 0.20010689863145617 0.17297954342324343 0.2268908586887263
0 0.274251176588458 0.7862989373010925 0.1734161910658786 0.23626585868872638
5 0.4430545647205804 0.48339047127627544 0.15553087014004524 0.12049540802036277
5 0.6245593916422699 0.77206097792014 0.14303087014004526 0.12034995735199913
5 0.6089705473521849 0.2024024585853219 0.1364897717116218 0.11402723201781732
1 0.6064449766312393 0.48383427192077644 0.13848891935425697 0.12342041335136286
1 0.43929374813797323 0.20125013327500269 0.14771837014004524 0.1204045013526354
8 0.14192859656639661 0.2109636773154099 0.08162679735218488 0.21021134134309047
5 0.029086148261807682 0.25526875533100013 0.03619436517764644 0.039462489337999784
5 0.027938871173502466 0.2138534146642274 0.03753854135632886 0.034793170671545234
4 0.4110789727022978 0.5017410292807296 0.6597948784077035 0.8884498080839961