2 0.2125 0.115625 0.096875 0.04921875
2 0.51015625 0.24609375 0.1203125 0.15625
6 0.28671875 0.01796875 0.03359375 0.0359375
6 0.21796875 0.4203125 0.11796875 0.16953125
6 0.50703125 0.1265625 0.10859375 0.04765625
6 0.325 0.01640625 0.0375 0.0328125
6 0.359375 0.01484375 0.03046875 0.02890625
8 0.42421875 0.01796875 0.0640625 0.0359375
8 0.509375 0.01796875 0.06796875 0.0359375
0 0.6015625 0.025 0.07265625 0.034375
0 0.796875 0.259375 0.22578125 0.16171875
0 0.2109375 0.2375 0.23515625 0.16171875
5 0.51171875 0.4203125 0.11875 0.14921875
5 0.22109375 0.58828125 0.11875 0.1375
5 0.790625 0.59921875 0.11171875 0.13046875
1 0.509375 0.58359375 0.12265625 0.1328125
1 0.79375 0.4296875 0.11953125 0.1421875
8 0.7875 0.13203125 0.20859375 0.07265625
5 0.74453125 0.0171875 0.0390625 0.034375
5 0.7859375 0.01796875 0.034375 0.0359375
4 0.49375 0.3875 0.88125 0.61796875