5 0.504825236604024 0.4061659648853954 0.8031127321397973 0.5257904642243201
6 0.7747770466675684 0.5828566099733197 0.10841251785690745 0.045072774128640705
2 0.5106599995896677 0.605933404578251 0.09459547970746059 0.057739912285774506
6 0.24659749958966765 0.6321351991831824 0.10388865909060954 0.05398265351435185
5 0.7717145020252996 0.49707415017808254 0.11128414772652384 0.12022781433340342
3 0.5059258607915975 0.5140559849877768 0.12386596834337489 0.1261556359715069
3 0.24339858725264724 0.5385402393879453 0.12707278896022584 0.13115321638103267
6 0.7694917086008468 0.3697304001780825 0.10519778896022594 0.12898265351435184
5 0.5052382938281944 0.3849946947830139 0.11438187418757337 0.11897539474292937
1 0.23890022767557034 0.4153352996950897 0.11440914772652384 0.12053789474292938
1 0.7633763019458695 0.24355550068998982 0.1172886858759707 0.10678547515245515
8 0.5039058445595431 0.26382342468063247 0.20201824188232517 0.13547014620965214
5 0.24140584455954314 0.2898701790808009 0.11106595941492108 0.10772781433340359
2 0.8371464074624612 0.6588412919875661 0.04144320616851012 0.05090604532383551
1 0.7097987033225458 0.7160858387781246 0.02886138555165907 0.044978223685732385
1 0.6745469959362197 0.7141054933852902 0.028779564934808023 0.04029072368573239
1 0.6425293827056948 0.7180650675829297 0.03036933847375849 0.0420082638904951
6 0.7057873133066599 0.6656146691876504 0.03511138555165907 0.04559838450478395
6 0.6737424265371846 0.6680117433852901 0.025763659090609535 0.04623064327620661
6 0.6432873133066599 0.6718162773781667 0.03190456493480802 0.04060080409525817
8 0.5855293603845604 0.6806777649543944 0.06655230032431163 0.05963668860004212
8 0.5097208368456101 0.6866347148853954 0.06973184740221221 0.0630717690095679
0 0.43082822361508527 0.6952454952259222 0.07431025324641087 0.05728688962385675
3 0.3003964297835955 0.7551438724260064 0.03829093262955983 0.04903346491430973
3 0.26207426947517 0.7565986074426977 0.032013659090609534 0.04685080409525817
3 0.22538279301412034 0.7618045522546261 0.041497753246410876 0.054031045323835514