5 0.503125 0.54453125 0.7953125 0.446875
6 0.23671875 0.34140625 0.1078125 0.034375
2 0.50078125 0.34453125 0.09453125 0.0484375
6 0.76484375 0.34453125 0.10390625 0.04453125
5 0.23828125 0.42734375 0.10859375 0.10859375
3 0.50390625 0.43671875 0.12265625 0.1140625
3 0.76640625 0.43828125 0.12578125 0.11796875
6 0.23828125 0.5546875 0.103125 0.11953125
5 0.50234375 0.565625 0.11171875 0.1078125
1 0.76875 0.56171875 0.1125 0.10859375
1 0.2421875 0.68125 0.115625 0.0953125
8 0.5015625 0.68671875 0.19921875 0.11484375
5 0.7640625 0.68671875 0.10859375 0.09765625
2 0.17578125 0.259375 0.03984375 0.046875
1 0.30390625 0.21484375 0.02734375 0.0421875
1 0.3390625 0.2203125 0.02734375 0.03828125
1 0.37109375 0.21953125 0.0296875 0.0390625
6 0.30703125 0.265625 0.034375 0.0421875
6 0.3390625 0.26640625 0.02421875 0.04375
6 0.36953125 0.265625 0.03125 0.03828125
8 0.42734375 0.2625 0.065625 0.05234375
8 0.503125 0.2640625 0.06796875 0.05546875
0 0.58203125 0.26328125 0.0734375 0.05
3 0.71328125 0.21640625 0.0375 0.0453125
3 0.7515625 0.21875 0.03203125 0.04453125
3 0.78828125 0.2171875 0.03984375 0.05078125