5 0.46236164189747847 0.44101116409398744 0.8291746626666248 0.47001623027094475
6 0.7133759997762854 0.6363845339148202 0.11041728174358649 0.03751202335696498
2 0.44955029811661146 0.6409429679340534 0.09742037427505376 0.05116534639736088
6 0.18548779811661142 0.6486264019532865 0.10644017676456467 0.046750631037096826
5 0.7183254541352516 0.550492498021443 0.11766294191141177 0.1125574874635877
3 0.4534108491562298 0.5488463961472988 0.13051813942190088 0.11760870031656907
3 0.19102924832639287 0.5549218660599091 0.13399833693238983 0.12238712852981451
6 0.7279749865035382 0.423148748021443 0.11212333693238978 0.121750631037097
5 0.4647412806946793 0.41989468204067604 0.12066954274124875 0.11108591567683312
1 0.19803903276927176 0.4315525622198432 0.12078794191141169 0.11264841567683312
1 0.7336590692867431 0.29669990828799964 0.1228473493799445 0.09867684389007839
8 0.4746984663823137 0.2987781999873647 0.20876153859206373 0.12144440564770313
5 0.2121984663823137 0.30641616989997517 0.11671574855010754 0.1000574874635877
2 0.7680975433427266 0.7166426837565357 0.044176975104890735 0.04805706677218975
1 0.6365981669930805 0.7649019904995955 0.03132177759440165 0.04300585391920819
1 0.601856314088651 0.7604561828986058 0.03096658008391273 0.038318353919208195
1 0.5697658645035696 0.7621694470843708 0.03264747925407559 0.03992631802583091
6 0.6373211400233787 0.7142116687128409 0.03757177759440165 0.04318771034569906
6 0.6053490896084602 0.7143624328986059 0.028315176764564676 0.044477425705962935
6 0.5748211400233787 0.7160302329777481 0.034091580083912734 0.03840928213245363
8 0.5167718416830527 0.7208374049227875 0.06965057178554268 0.05503449247815269
8 0.44110899085321564 0.7214799140939874 0.07301237012586874 0.05825042069139794
0 0.36214354126813414 0.7245571014784329 0.07722627344521679 0.052136813011265916
3 0.2273415661632435 0.7752510864347381 0.040933575934727705 0.04640363855894432
3 0.18923791491848801 0.7740212070469937 0.03456517676456468 0.044659282132453626
3 0.15240076574832498 0.7766521135526268 0.0444137734452168 0.05118206677218975