2 0.19391662655469516 0.8109852154367699 0.050111315963434724 0.037911176882026255
6 0.208186795908952 0.6894603839158391 0.05301799214211718 0.03335101087441501
6 0.21120478805106915 0.6582740509120335 0.04676799214211709 0.03309634288963732
6 0.21344153019318632 0.6270558844101307 0.05145549214211718 0.03328734387822045
6 0.45917798511280383 0.25822626585451186 0.14186647642635145 0.09935269566510643
3 0.19296863420318103 0.29356029349765966 0.0547260413563289 0.0365396778706093
3 0.42473224876165483 0.5104280944096932 0.14452059553293922 0.1228538626613009
3 0.19456967555950988 0.2591852934976597 0.05301799214211718 0.03335101087441492
3 0.19631626613005046 0.2216852934976597 0.05487159057054054 0.0396646778706093
8 0.2183687787454443 0.5716826349044222 0.056035984284234355 0.06466467787060921
8 0.22327891067231373 0.49987130190061657 0.05269266046291676 0.059849843878220454
8 0.6083603478092509 0.2650877139910762 0.14652405128112633 0.19935269566510644
8 0.6924483258927413 0.7788557367284893 0.13983740363849115 0.18972302768032884
8 0.7176282241545491 0.5239281561961416 0.14935795285270287 0.19323002965749508
5 0.3963909631962943 0.766009590949652 0.12824062406898654 0.10815469269935676
5 0.5659929495474432 0.5193149575652856 0.12980312406898661 0.10821835969555131
5 0.34329827398793333 0.25898365813612684 0.05436647642635144 0.09578734387822045
5 0.2459480849889693 0.29884997136826896 0.045351041356328815 0.036157675893442945
5 0.24602301364885112 0.2636300543720746 0.03583049214211709 0.03265067391627667
5 0.24929571691583874 0.226974971368269 0.03895549214211709 0.03277800790866543
1 0.15357207051605787 0.6856695390490354 0.049892992142117176 0.03322367688202608
1 0.1533922880510692 0.655918372052841 0.05145549214211718 0.03328734387822045
1 0.16347791749673926 0.6242372905319101 0.04505994292790545 0.029907675893442943
0 0.2338761164205007 0.4235953033834914 0.05930653349844599 0.06791701186299814
0 0.7424442493808275 0.2768130756637939 0.13267987510244375 0.20346719269935692
6 0.5494068012856356 0.7745927065767024 0.1327825748547749 0.10522069368794007
6 0.29579164971405897 0.7579968196951138 0.046699525640563164 0.09859400889724856
2 0.31851863606520786 0.5053174886684746 0.04440927956950454 0.08290534190105418
4 0.5558366995474431 0.518901122090022 0.603972909839235 0.7794247866147584