2 0.1984375 0.23125 0.0359375 0.0484375
6 0.3203125 0.23984375 0.03046875 0.0515625
6 0.3515625 0.24140625 0.03203125 0.0453125
6 0.3828125 0.2421875 0.03125 0.05
6 0.7609375 0.4703125 0.09375 0.1375
3 0.71484375 0.20625 0.034375 0.05390625
3 0.5078125 0.44765625 0.1171875 0.1390625
3 0.74921875 0.20625 0.03203125 0.0515625
3 0.78671875 0.20625 0.0375 0.05390625
8 0.43828125 0.24453125 0.0625 0.053125
8 0.51015625 0.24609375 0.0578125 0.05
8 0.76015625 0.61953125 0.19375 0.13671875
8 0.25078125 0.72734375 0.184375 0.13203125
8 0.50625 0.740625 0.1875 0.140625
5 0.2515625 0.43125 0.10390625 0.1234375
5 0.5046875 0.5890625 0.10234375 0.125
5 0.75546875 0.3546875 0.09453125 0.05
5 0.71171875 0.259375 0.03515625 0.04375
5 0.746875 0.2578125 0.03046875 0.03515625
5 0.78359375 0.259375 0.03203125 0.03828125
1 0.321875 0.18515625 0.03046875 0.0484375
1 0.3515625 0.18359375 0.03046875 0.05
1 0.38359375 0.1921875 0.028125 0.04375
0 0.58671875 0.253125 0.065625 0.05703125
0 0.75390625 0.75390625 0.1984375 0.1234375
6 0.24921875 0.584375 0.1 0.12734375
6 0.25546875 0.33046875 0.096875 0.0421875
2 0.50859375 0.34140625 0.08203125 0.04140625
4 0.5046875 0.57890625 0.75546875 0.56875