2 0.22546674850032283 0.20805598270580408 0.041599031780473084 0.052637991320996134
6 0.34834621381621317 0.20240458822590424 0.037276791895342234 0.05521510114869228
6 0.3797788438736478 0.20031448707721194 0.03654627166560385 0.04896510114869228
6 0.4111201589023651 0.19744313592851967 0.03709416183790761 0.05365260114869228
6 0.8159091472878186 0.3813716620293432 0.10982144505424607 0.14845780344607676
3 0.738950917581369 0.12269674872366432 0.04058442195277685 0.057142861263561516
3 0.5601360114550167 0.38830148133375064 0.1334415751116806 0.15275975430759603
3 0.7733259175813689 0.11867888746010283 0.037276791895342144 0.05521510114869228
3 0.8108259175813689 0.1142957660816721 0.04370942195277685 0.05750812137843071
8 0.466862853988517 0.1933035188895909 0.06870942195277685 0.060430202297384564
8 0.5389204840459516 0.18646503624759866 0.06365666183790761 0.05675731212508071
8 0.8325690677728244 0.5306817270580606 0.20982144505424571 0.16014612712189197
8 0.3357955417358126 0.6980316257817446 0.1997159248245075 0.15280034677728443
8 0.5928166472240068 0.6814528613911852 0.20393670516911513 0.1625406068921535
5 0.30196839585195334 0.4018465607530272 0.11755277453733441 0.13549108379068447
5 0.5735390316528493 0.5300729914486199 0.11773540459476912 0.13705358379068447
5 0.7969257730376572 0.2663858672303644 0.09959416183790779 0.06095780344607684
5 0.7420353395341459 0.17618700883853355 0.03948864160816914 0.047767861263561515
5 0.7770089594767112 0.17051533254625473 0.03526786126356143 0.03802760114869228
5 0.8139103395341458 0.16778602619654132 0.035633121378430846 0.04115260114869228
1 0.3435166618060017 0.1475344581684696 0.036911531780473086 0.05209010114869228
1 0.3730215317485671 0.14250198707721196 0.03709416183790761 0.05365260114869228
1 0.40605724706445745 0.1473518208998024 0.03323864160816914 0.047037341033823045
0 0.6163048193044074 0.18454741343330264 0.07219968206764608 0.0639204624122538
0 0.842025252712201 0.6657872472877989 0.21286527453733442 0.14663151729419593
6 0.31752239148054545 0.5552455058391791 0.11497566470963835 0.13981332367581523
6 0.29409500714742076 0.30060873560944074 0.10180601155073461 0.05351056356094599
2 0.5484984175494632 0.2819601663050333 0.0859983814932999 0.05012176298659989
4 0.5723519362795242 0.5199167414486199 0.8227273409061994 0.657142947798353