4 0.51015625 0.5140625 0.79375 0.56171875
2 0.25 0.271875 0.08828125 0.05703125
2 0.50703125 0.6734375 0.11328125 0.12578125
2 0.1859375 0.1734375 0.03828125 0.0515625
5 0.51484375 0.28359375 0.09375 0.04375
5 0.7734375 0.3 0.09921875 0.06484375
5 0.24140625 0.52578125 0.11484375 0.13671875
5 0.72421875 0.2015625 0.03359375 0.046875
5 0.76171875 0.20078125 0.0328125 0.0453125
5 0.8 0.20078125 0.03359375 0.04921875
6 0.24765625 0.67265625 0.103125 0.12734375
6 0.509375 0.53359375 0.10234375 0.140625
6 0.7734375 0.4125 0.1046875 0.134375
6 0.3171875 0.184375 0.0328125 0.04921875
6 0.35078125 0.18671875 0.03125 0.05078125
6 0.38125 0.184375 0.0265625 0.05234375
1 0.31484375 0.125 0.0328125 0.05
1 0.34921875 0.12734375 0.03515625 0.0546875
1 0.38359375 0.1296875 0.03203125 0.05078125
8 0.440625 0.1875 0.06796875 0.06484375
8 0.51484375 0.19375 0.0671875 0.06328125
0 0.59453125 0.19453125 0.075 0.06171875
3 0.725 0.14296875 0.0359375 0.06015625
3 0.7640625 0.1421875 0.0375 0.05859375
3 0.8015625 0.14453125 0.0359375 0.06015625
6 0.24375 0.37734375 0.1046875 0.13671875
1 0.51171875 0.38671875 0.11640625 0.12734375
3 0.771875 0.56015625 0.12734375 0.13984375
1 0.765625 0.7 0.115625 0.11796875