4 0.4841893552673667 0.4830876724285399 0.80029528007636 0.5671179024124458
2 0.7415274985678227 0.7237616276417835 0.08815452800763594 0.05675906010845857
2 0.48916885128900206 0.32369449171038067 0.11395450668363552 0.12565450585373253
2 0.8044445745544596 0.8218264229195192 0.038099984006999675 0.05178066861791066
5 0.4768201085694136 0.7135836935057787 0.0942590773392725 0.04429542154477702
5 0.21841726257164074 0.6986818979334555 0.10076361600890867 0.06620678298109546
5 0.7530757152689574 0.46980538066684563 0.11722495735199914 0.13817268657189175
5 0.2664905885582777 0.7968330516224474 0.03492044000636341 0.04707498789975162
5 0.22898149789150501 0.7978324702403583 0.03333975867281787 0.0455033975406721
5 0.19070024789150503 0.798055184037809 0.034956802673454225 0.05019998789975162
6 0.7485347606222292 0.32296674210316406 0.1046158693507266 0.12872496369925476
6 0.4851978719366848 0.46355187724900004 0.10476132001908986 0.14122496369925486
6 0.21972631858691277 0.5861818979334554 0.10625109468490823 0.13498405405833439
6 0.6733218438892778 0.8116525130822071 0.03339430267345413 0.050190897540672096
6 0.639755365889596 0.8095042058024188 0.03183180267345413 0.050181807181592576
6 0.6092593438892779 0.8120252178044713 0.027180665340545217 0.05327953610435365
1 0.6749747032145509 0.8710138775435876 0.03339430267345413 0.050190897540672096
1 0.6406269752148691 0.8688701154433393 0.03657384667409058 0.05489657825883114
1 0.6062792472151873 0.8667263533430909 0.03339430267345413 0.050190897540672096
8 0.5499207065563687 0.8092456514494968 0.06951361600890867 0.06602497579950324
8 0.47577468189055044 0.8034274435057787 0.06791475334181776 0.06289088544042372
0 0.3960962725573232 0.8031098018188392 0.07572725334181776 0.06293633723582168
3 0.2650275385503235 0.8554313468019874 0.036628390674726855 0.05958407825883114
3 0.22595594788355083 0.8564398557789776 0.03819089067472685 0.05959316861791066
3 0.18848321988386899 0.8543142743968886 0.03662839067472694 0.05958407825883114
6 0.7490047385821402 0.618256516205465 0.10628745735199914 0.13810905405833437
1 0.48114507658341293 0.6104405127876195 0.11711586935072642 0.12879768657189175
3 0.2230069546069573 0.4385165575743758 0.12976132001909005 0.14137040944452864
1 0.23088418395927462 0.2986364461380574 0.11700678134945379 0.11942268657189174