4 0.5153106552453528 0.523055639846108 0.8232293758467106 0.6226467784428161
2 0.7881594142904643 0.7849566016782514 0.09044793758467104 0.06288035352912935
2 0.5100831654221182 0.3639174381864341 0.11905097241038014 0.13352474025173766
2 0.8573808050636387 0.8882484676549354 0.040202276119281774 0.05440408008391273
5 0.5227015106269912 0.753169192335619 0.09604284034363317 0.05085395020978147
5 0.2632479454981288 0.7171678796736385 0.10343926051544958 0.0732025468904336
5 0.7834465015818797 0.5317015471141481 0.12283106965141818 0.1462615385920639
5 0.3176255862713032 0.8193349535337738 0.03683161465389251 0.04947978174358667
5 0.2801665298488681 0.8172746234498611 0.035187227498762755 0.04779888257342364
5 0.24188527984886807 0.814373843780867 0.03699538896415202 0.05260478174358667
6 0.769499108999683 0.38435295043349604 0.10983974672063965 0.13593934523075957
6 0.5150683158062309 0.5035835894311895 0.1104948439616777 0.14843934523075966
6 0.2573520703287867 0.6046678796736386 0.11172979534115868 0.1423077444009227
6 0.7255575949777304 0.8673654373612415 0.0354328889641522 0.05248638257342364
6 0.6918410142450359 0.8624761052027363 0.0338703889641522 0.05236798340326061
6 0.6614950949777304 0.8625110713845576 0.02934666327441171 0.05513778589277152
1 0.731013056872661 0.926918036116486 0.03543288896415202 0.05248638257342364
1 0.6965152261399664 0.9219695043728994 0.03880355042954129 0.0574106809137497
1 0.6620173954072718 0.917020972629313 0.03543288896415202 0.05248638257342364
8 0.601956320667471 0.8548869029183626 0.07218926051544958 0.07083456348717299
8 0.527410022046952 0.8430129423356189 0.07046298620519006 0.06759116431701032
0 0.4476815784693871 0.8361933346573046 0.07827548620519006 0.06818316016782547
3 0.3199151045886689 0.8778695039486923 0.03904921189493056 0.062098180913749704
3 0.28089354816623374 0.8756907746946165 0.040611711894930555 0.06221658008391273
3 0.24327071743353917 0.8705054446107041 0.03904921189493056 0.062098180913749704
6 0.7888820313192062 0.6799614483589036 0.1118935696514182 0.1454327444009227
1 0.5204219583884276 0.650280990675945 0.12233974672063966 0.13688653859206373
3 0.2511762341690251 0.4571300288438015 0.1354948439616777 0.15033373195336797
1 0.2500973337849124 0.3177598755244536 0.12184842378986112 0.12751153859206382