4 0.5620991849476923 0.5230520324464678 0.8758016301046154 0.7599334018294124
2 0.19293738853104317 0.12470463415160668 0.04246128655241303 0.05350077537433573
1 0.3179857803405269 0.049951920341431685 0.04057660819051634 0.06570904409314107
1 0.3516570504429083 0.04759705906858928 0.03729656798575345 0.06385481281194642
1 0.383372171057197 0.049367246256642836 0.03839394737146469 0.05931317845254376
1 0.850706895145753 0.7303590563652218 0.13143910088581662 0.17016905740420185
6 0.3252726699643835 0.12338942034143167 0.04308144737146469 0.05975077537433573
6 0.3591765003739093 0.12337830906858929 0.03714152778099047 0.06229231281194645
6 0.3917564400667649 0.11797138061604553 0.04042156798575336 0.06414654409314106
6 0.8180297057978922 0.35335895944342993 0.11924918129534241 0.1721271322794232
6 0.2943816082194307 0.5749222210901032 0.1281469627286828 0.1837939604824097
6 0.5672704185265751 0.5518124168058705 0.12017942252391975 0.1815021322794232
6 0.2638507858335088 0.2513388554495058 0.12477237208101162 0.10298155740420185
8 0.44964646016914644 0.11335560191394463 0.07009697003338253 0.08239712562389286
8 0.5262864802715279 0.10698943552467588 0.07025201023814542 0.08395962562389285
8 0.5494528929312116 0.35635405116527324 0.2242346637524973 0.2005042645588464
0 0.6058128910905796 0.10587322067451113 0.08290705044290832 0.08668905074867146
0 0.31181758227907236 0.7585889039104018 0.23391974416202305 0.20450445840243034
5 0.7386253910905796 0.0934746412237388 0.04370160819051634 0.06600077537433573
5 0.7920472569597049 0.21070295174790982 0.11025684941909368 0.0815021322794232
5 0.5335370760382718 0.22773953244646786 0.10432902778099055 0.06856453535763123
5 0.27570531252168584 0.37875553826980446 0.12941148027152788 0.1653356917636045
5 0.7747179312953424 0.0916822314900004 0.04026652778099056 0.06258404409314107
5 0.8138579513977238 0.08881684047506737 0.03902620614288708 0.050084044093141065
3 0.7315710617738672 0.029289605865602662 0.0458842690095679 0.058579211731205325
3 0.7703174323881559 0.029700636127688158 0.0396342690095679 0.059401272255376315
3 0.8070361823881559 0.027314864081117617 0.04401168860004212 0.054629728162235235
3 0.8385846308813484 0.5446193438028326 0.14610966375249745 0.19321098252898034
2 0.5845513523814538 0.7339165996261692 0.1254991812953424 0.17271059484181245