4 0.50625 0.5703125 0.80859375 0.68515625
2 0.17890625 0.14140625 0.0375 0.05078125
1 0.31015625 0.07890625 0.03359375 0.06328125
1 0.34375 0.0796875 0.03046875 0.0609375
1 0.375 0.084375 0.0328125 0.05625
1 0.77109375 0.80234375 0.11640625 0.16015625
6 0.31015625 0.15234375 0.0375 0.05625
6 0.34375 0.15546875 0.03125 0.059375
6 0.3765625 0.153125 0.034375 0.0609375
6 0.77578125 0.42578125 0.10234375 0.16171875
6 0.23515625 0.596875 0.1109375 0.1734375
6 0.5078125 0.59921875 0.103125 0.171875
6 0.23671875 0.2734375 0.11640625 0.0921875
8 0.434375 0.15390625 0.06171875 0.0765625
8 0.5109375 0.1546875 0.06328125 0.078125
8 0.509375 0.40390625 0.20625 0.18203125
0 0.58984375 0.1609375 0.075 0.0796875
0 0.234375 0.78046875 0.21640625 0.18359375
5 0.72265625 0.1609375 0.03671875 0.06328125
5 0.7640625 0.28203125 0.10390625 0.07109375
5 0.50625 0.275 0.0984375 0.059375
5 0.2359375 0.40078125 0.1140625 0.1546875
5 0.75859375 0.1625 0.03359375 0.059375
5 0.79765625 0.16328125 0.034375 0.04765625
3 0.72265625 0.08984375 0.0390625 0.06796875
3 0.7609375 0.09453125 0.0328125 0.06953125
3 0.79765625 0.09453125 0.03671875 0.06640625
3 0.77734375 0.6171875 0.12734375 0.18046875
2 0.50703125 0.78125 0.11015625 0.16171875