4 0.4296875 0.4887415760465424 0.684375 0.8372611443331435
2 0.85859375 0.14392123559118186 0.05 0.03953734387822054
1 0.92109375 0.2726245557434062 0.0625 0.036921679847775654
1 0.9203125 0.3062501392415034 0.0609375 0.03373301285158128
1 0.915625 0.3376911402300866 0.05625 0.03510451186299814
1 0.19765625 0.7630398749814095 0.159375 0.12368153361182799
6 0.84765625 0.2756169045645426 0.05625 0.03979201186299815
6 0.84453125 0.3093379885569314 0.059375 0.033669345855386903
6 0.846875 0.3420549880626398 0.0609375 0.03685801285158128
6 0.57421875 0.7523836288985611 0.1625 0.10974636760421674
6 0.403125 0.218730164981847 0.1734375 0.11800453657757748
6 0.40078125 0.49148191547613856 0.171875 0.11012836958138301
6 0.7265625 0.20711359676960797 0.0921875 0.1193813527754691
8 0.84609375 0.399899321560737 0.0765625 0.06561968281352523
8 0.8453125 0.4764936550588342 0.078125 0.06568334980971961
8 0.59609375 0.4850860409518397 0.18125 0.21363537155854928
0 0.8390625 0.5556545730436118 0.0796875 0.07824701680591399
0 0.21953125 0.22542978703468802 0.184375 0.2231377055509382
5 0.8390625 0.6884670730436118 0.0625 0.04004667984777566
5 0.71796875 0.7348075152486772 0.071875 0.1076161818249421
5 0.725 0.47670851376580237 0.059375 0.1008568458553869
5 0.59921875 0.21152120695945084 0.1546875 0.12036553262324476
5 0.8375 0.7244682400398061 0.059375 0.0367943458553869
5 0.83671875 0.7635625735379034 0.046875 0.0362850098858317
3 0.91015625 0.685570224716767 0.06875 0.04186384783255317
3 0.90546875 0.7240424757053502 0.06875 0.03561384783255335
3 0.90546875 0.7607612257053502 0.065625 0.03861151384016459
3 0.3828125 0.761745335932374 0.18125 0.13551037155854945
2 0.21875 0.4981178705327852 0.1625 0.11599636760421675