4 0.54921875 0.5296875 0.7796875 0.5703125
6 0.28671875 0.28359375 0.09375 0.05078125
6 0.80078125 0.55703125 0.103125 0.15078125
6 0.35078125 0.190625 0.03203125 0.04609375
6 0.3828125 0.18828125 0.02890625 0.04296875
6 0.41328125 0.18828125 0.02578125 0.05
6 0.28359375 0.54609375 0.09921875 0.14765625
5 0.284375 0.38984375 0.1046875 0.128125
5 0.5390625 0.54296875 0.10625 0.1375
5 0.7984375 0.39296875 0.1125 0.13828125
5 0.74609375 0.1796875 0.03359375 0.0578125
5 0.78359375 0.17890625 0.034375 0.05234375
5 0.821875 0.1796875 0.03359375 0.05
3 0.746875 0.12265625 0.0359375 0.05390625
3 0.78359375 0.121875 0.03359375 0.046875
3 0.821875 0.1234375 0.03984375 0.059375
1 0.35 0.1296875 0.0328125 0.053125
1 0.3828125 0.13046875 0.02890625 0.05234375
1 0.41328125 0.128125 0.028125 0.053125
8 0.46875 0.18515625 0.065625 0.065625
8 0.53984375 0.18046875 0.0671875 0.06796875
8 0.2859375 0.69921875 0.19296875 0.14609375
8 0.53984375 0.70234375 0.2015625 0.16015625
8 0.79921875 0.71171875 0.20703125 0.15
2 0.2296875 0.18671875 0.03203125 0.05390625
0 0.61484375 0.1796875 0.071875 0.06640625
3 0.5390625 0.38125 0.12265625 0.13828125
2 0.5359375 0.27734375 0.08046875 0.04453125
1 0.79609375 0.28125 0.11875 0.053125