4 0.43511696329826355 0.5273135932611369 0.6202771452750113 0.8062502315936377
6 0.6980324776393496 0.2533515926419644 0.0560077729789592 0.09607878742738744
6 0.39165235580472296 0.7801496488854894 0.15660855027685514 0.11011136228216216
6 0.7868959161037274 0.3130840035191659 0.048877590992986344 0.03343323821317572
6 0.7871870103359163 0.34500609160850704 0.04555233189368781 0.030162688998963995
6 0.7852344841177545 0.3754748416085071 0.05160207279438893 0.027328787427387445
6 0.4357327367386482 0.2624527266357484 0.15328329117755662 0.10684081306795061
5 0.5919326719638235 0.2559565159251627 0.1348336798265045 0.11065501778268025
5 0.4224865553709842 0.5177759274215367 0.14430880937615384 0.11265416542531544
5 0.5558650501291968 0.7701645651393745 0.14470932757475108 0.11890416542531543
5 0.7725006400424492 0.7078870812694248 0.06001535009228505 0.03706766046291676
5 0.7708787808508655 0.745350693965872 0.055327850092285046 0.03684933664159899
5 0.7676443568844571 0.7836683312694249 0.05220285009228505 0.036703787427387446
3 0.8294818252676246 0.7060120581100611 0.0554279796419344 0.038411836641599174
3 0.8279100308508655 0.7426944208065082 0.04907785009228505 0.03655823821317572
3 0.823894356884457 0.781048445413614 0.061978368290882456 0.043390435070022625
1 0.8478834808785521 0.3094645438420375 0.055227720542635694 0.03528683664159917
1 0.8449995103359165 0.3423134311455904 0.054927331893687634 0.030599336641599174
1 0.8453907341177544 0.37267301923493157 0.054927331893687634 0.030599336641599174
8 0.7848048851052036 0.4307980423942954 0.0698304410852714 0.0686815334984459
8 0.7849364905961596 0.5016734685729778 0.07305557063492074 0.07038958271265763
8 0.28245754241417426 0.27192838813212244 0.1592910641565158 0.20059081306795062
8 0.2630614905961596 0.5259801873463342 0.1722917119047624 0.20898550992479734
8 0.23706498535437226 0.7857918349889693 0.16321710055371036 0.21323636228216233
2 0.7985622062015498 0.19180831700140122 0.05512759099298634 0.03372433664159913
0 0.7809115222129922 0.5766370812694248 0.0702309592838688 0.0749315334984459
3 0.5842053053709841 0.5102437555860805 0.145310104872647 0.12827916542531542
2 0.6883118144702829 0.502279244213541 0.04895673658176456 0.08328768899896417
1 0.6677339944536709 0.7626174307313056 0.06073484577334831 0.12122433664159935