4 0.592538135014905 0.5009041649718922 0.81492372997019 0.6111741904097461
6 0.31652565421987544 0.26856745703369056 0.0990052117632838 0.054913229307785104
6 0.859327593550334 0.5150640829960021 0.11889063528985133 0.15540455223856356
6 0.3708167448475196 0.17224133367337072 0.03617676102807863 0.048512743102595034
6 0.40260165679611565 0.1682188969932108 0.03272331029287336 0.04522396879233552
6 0.4330704067961156 0.16662209746818063 0.030255211763283895 0.05131019448207601
6 0.3409905159771155 0.53123123134395 0.11543718455464624 0.15211577792830405
5 0.3253492292168535 0.37494028776638516 0.11815398014341483 0.1336114393936933
5 0.5961308152419103 0.5147176814802356 0.12070183234903062 0.14306832654882307
5 0.8397401799520587 0.3511244137286968 0.12695183234903026 0.1433958751693421
5 0.7649796672743012 0.14058638342554347 0.040451338601296884 0.05961401741285455
5 0.8023975545905 0.13783984170242944 0.03995866249848916 0.05492651741285455
5 0.8407609172743011 0.1366148564017505 0.03963021176328354 0.05180151741285455
3 0.7597666913568057 0.0835141898479786 0.04152116249848916 0.0550084045679843
3 0.7964033286730043 0.08080859170242945 0.03930176102807863 0.048676517412854545
3 0.8348488040406069 0.08036485640175052 0.046865563968899696 0.06150406603337355
1 0.3636307055110174 0.11134477725093558 0.038396162498489074 0.05484463025772479
1 0.39652531819481873 0.1104063969932108 0.03370866249848907 0.05459896879233552
1 0.4267477301434148 0.10646584746818064 0.03370866249848916 0.05459896879233552
8 0.4882107060609104 0.16059010346107444 0.07252246543931004 0.06906426051544959
8 0.5588117799581026 0.15217673790267075 0.07441341617451513 0.07227114767057934
8 0.35942835200217227 0.6842334006112554 0.20918718455464624 0.15702900723608923
8 0.6136630527373775 0.6740517379026707 0.21831348749546714 0.16993844301173802
8 0.8740234049429934 0.6698334701511319 0.22201563528985133 0.1608091044771273
2 0.24931243142851303 0.17468133819592646 0.03683366249848907 0.05476274310259503
0 0.6337296672743012 0.1474649044564426 0.07877246543931005 0.06939180913596861
3 0.5791334896950392 0.35299893148023564 0.13632683234903062 0.14388719810012063
2 0.565087502749465 0.24925645579049513 0.08584831029287336 0.048008132066747145
1 0.8256543161684714 0.23952849446139143 0.12433366249848916 0.05934842378986112