4 0.4350217032034915 0.4561552619350939 0.844073646006076 0.548298617441086
8 0.6867981555747893 0.685004778564641 0.17556366306150367 0.05823176535645338
8 0.47882746713894997 0.7810728985916853 0.0717513569050876 0.06638861600890866
8 0.40538996713895 0.7819274212683212 0.0714596256238929 0.06326361600890884
5 0.4142667601921013 0.6951995806015484 0.09968846921791971 0.047984061346272
5 0.16419625041660177 0.5818296133036377 0.1210442512477857 0.12627269334818117
5 0.7150144688023277 0.29915818523236826 0.12046078868539638 0.12002269334818116
5 0.19813991867805397 0.7866801979630926 0.03860510357732232 0.04571248933799978
5 0.159858668678054 0.787125640634956 0.03620943178030896 0.05348862667090888
5 0.12213987021715803 0.7899057426400466 0.03875096921791963 0.047274989337999784
1 0.42438341119032985 0.5951904899347757 0.12602348252898032 0.12945223734881744
1 0.1586002227544906 0.6919313193030014 0.12327183485851693 0.0498192813494537
1 0.5946700540774463 0.8359138452419133 0.03650116306150366 0.05661362667090906
1 0.561711688436849 0.8378581532463677 0.033084431780308954 0.05345226400381833
1 0.5310970727962518 0.8397751892505039 0.034063469217919716 0.04722044533736351
2 0.7266815045765607 0.7844320665579595 0.040896931780308954 0.05354317067154533
2 0.4572749016226263 0.3013768552673667 0.13012751996659108 0.1232567813494538
6 0.7035219939688674 0.4389837538988228 0.11937790765375897 0.14186133068109025
6 0.4381677142267767 0.4475342399347757 0.11566944509136974 0.13557496801399935
6 0.17558488165603525 0.4263972259707286 0.11712810149734283 0.15119996801399935
6 0.5988482358577553 0.7827979359086861 0.03904270049911425 0.05039998933799979
6 0.56710871713895 0.7800456532463677 0.03577183485851698 0.04880112667090888
6 0.5361294373968594 0.7858689392505038 0.03450106613971151 0.051907945337363516
3 0.19425447213009286 0.28492734130331954 0.1371068481695777 0.13114200668363551
3 0.19188870715565445 0.8452830386298654 0.042751163061503575 0.05668635200509087
3 0.15495115869475845 0.8480540499681833 0.0376260661397116 0.051944308004454244
3 0.11745115869475846 0.8484904019732739 0.041875969217919626 0.047311352005090866
0 0.32768155303745666 0.7867336472788207 0.07741789434269819 0.060211341343090655
3 0.6893730268309273 0.5905462538988229 0.14194021381017502 0.13275905068427196