4 0.521875 0.53828125 0.79453125 0.53828125
8 0.2484375 0.30625 0.1703125 0.05703125
8 0.44765625 0.2125 0.06640625 0.065625
8 0.52109375 0.2125 0.065625 0.06171875
5 0.5203125 0.29921875 0.0953125 0.04765625
5 0.78125 0.415625 0.11015625 0.125
5 0.25625 0.6921875 0.10859375 0.11796875
5 0.728125 0.21015625 0.03515625 0.0453125
5 0.76640625 0.21015625 0.03125 0.053125
5 0.80390625 0.2078125 0.034375 0.04765625
1 0.51953125 0.39921875 0.1140625 0.12734375
1 0.7765625 0.30546875 0.11796875 0.0484375
1 0.3265625 0.15625 0.03046875 0.05703125
1 0.359375 0.1546875 0.02734375 0.05390625
1 0.38984375 0.153125 0.02890625 0.046875
2 0.19921875 0.20625 0.0359375 0.05390625
2 0.5140625 0.69296875 0.11953125 0.12265625
6 0.2546875 0.55234375 0.10703125 0.14140625
6 0.51953125 0.546875 0.103125 0.13515625
6 0.784375 0.57109375 0.103125 0.15
6 0.32734375 0.209375 0.03359375 0.05078125
6 0.359375 0.2125 0.03046875 0.0484375
6 0.38984375 0.20703125 0.0296875 0.0515625
3 0.77890625 0.7125 0.125 0.1296875
3 0.72890625 0.1515625 0.0375 0.05625
3 0.765625 0.14921875 0.0328125 0.0515625
3 0.803125 0.14921875 0.03828125 0.04765625
0 0.5984375 0.20859375 0.07265625 0.05859375
3 0.2546875 0.40078125 0.1296875 0.13046875