4 0.5250066287029284 0.5109309401866629 0.7968770835233885 0.579098674805914
8 0.2502192103796051 0.2932299423343695 0.17063975292686626 0.06517569990914289
8 0.448892538834828 0.18903933005532608 0.06600679508134384 0.06906426051544959
8 0.522330038834828 0.18519063376422773 0.06598861436318479 0.06593926051544959
5 0.5220533037637468 0.2719503273417926 0.0955852107723885 0.05187011646291486
5 0.7836680355151783 0.3746814224351241 0.11010222872636959 0.13073210085908266
5 0.2602770290722707 0.6787580065587207 0.11006586729005097 0.12448210085908258
5 0.7293476532962085 0.17199683570953564 0.034638620413308986 0.04711401741285455
5 0.7676289032962085 0.16999060040885672 0.03155907220870695 0.05476274310259503
5 0.8051152677575892 0.16568155868574266 0.034647710772388506 0.048676517412854545
1 0.5218538367448423 0.37199127091935746 0.11480790944452864 0.13410276232447185
1 0.7783396652000654 0.2647708339005133 0.1190318011314682 0.054660923789861114
1 0.32747153590796174 0.13913558457788186 0.031577252926866264 0.057887743102595035
1 0.3602749455488822 0.13585345432015708 0.02843407220870704 0.05459896879233552
1 0.3907346051898026 0.1326941547951269 0.028397710772388507 0.04834896879233552
2 0.20041867739850955 0.19580938772095663 0.03624657220870704 0.0550084045679843
2 0.5180940742518104 0.6660278759623116 0.1194590480082102 0.1280984237898611
6 0.25790094193464486 0.5389961437138504 0.10706813231716561 0.14619332654882305
6 0.5227128756778662 0.5196475209193576 0.10390677088084707 0.13977955223856356
6 0.7876975262436002 0.5299863981248645 0.10399767447164318 0.15540455223856356
6 0.32856185811666877 0.19221964100031697 0.03466589149054773 0.05180151741285455
6 0.36061128883482796 0.19366595432015704 0.03153180113146821 0.050075243102595035
6 0.39104822257804933 0.1866004047951269 0.02998748184962734 0.05311835594746528
3 0.7830514537403057 0.6716792531678186 0.12575449980360834 0.13623847241038015
3 0.7297880148307229 0.11336214213197074 0.03782725292686635 0.05821529172311406
3 0.7664931292921036 0.1090940439864216 0.03311248184962743 0.05328213025772479
3 0.8039931292921034 0.10712875226330754 0.03777271077238851 0.04884029172311406
0 0.599651062937129 0.17723096958530501 0.0722204336450254 0.0631418091359686
3 0.25701917710392197 0.3874336437138505 0.13045109016268785 0.1380466338757694