4 0.53203125 0.5578125 0.7546875 0.5015625
2 0.2265625 0.25078125 0.0375 0.0453125
1 0.34609375 0.20234375 0.02890625 0.0546875
1 0.37578125 0.2015625 0.02734375 0.04375
1 0.40625 0.20234375 0.0296875 0.04296875
6 0.3484375 0.2515625 0.03125 0.04375
6 0.3765625 0.2546875 0.02890625 0.046875
6 0.40546875 0.253125 0.02265625 0.03515625
8 0.46171875 0.25390625 0.05625 0.0515625
8 0.53125 0.253125 0.05703125 0.046875
0 0.60390625 0.24765625 0.06328125 0.0546875
3 0.728125 0.19609375 0.0328125 0.04296875
3 0.76328125 0.19453125 0.03125 0.0515625
3 0.79921875 0.19765625 0.03359375 0.0515625
5 0.728125 0.24765625 0.03046875 0.04296875
5 0.7625 0.24921875 0.03359375 0.03984375
5 0.79765625 0.24765625 0.03359375 0.04296875
6 0.28125 0.3390625 0.09375 0.04296875
2 0.52578125 0.33359375 0.0671875 0.03515625
5 0.771875 0.33515625 0.0890625 0.04375
5 0.2796875 0.43359375 0.09921875 0.11171875
3 0.52890625 0.43046875 0.115625 0.121875
6 0.77734375 0.44375 0.09296875 0.1265625
6 0.28046875 0.57890625 0.096875 0.121875
5 0.5296875 0.5734375 0.10234375 0.11796875
8 0.7796875 0.584375 0.19140625 0.13359375
8 0.28046875 0.71796875 0.18125 0.1296875
8 0.52890625 0.7171875 0.18671875 0.13125
0 0.77578125 0.7234375 0.2015625 0.13515625