4 0.5710372997872394 0.6199980345564859 0.789760166615417 0.5897728177409183
2 0.24409883330770848 0.27726260832801897 0.040668558666190256 0.049695621378430664
1 0.3602430033541947 0.24279630772176689 0.031949122528160775 0.05797484103382304
1 0.3898758730323638 0.24548502881302453 0.031184298022528624 0.047037341033823045
1 0.4203992533541947 0.2498275649329995 0.032746798022528625 0.04721997109125766
6 0.36602846362953934 0.2922890028079188 0.03430929802252862 0.04740260114869228
6 0.39437198491686276 0.29870134384174185 0.03140281930985207 0.05016234103382304
6 0.42316897427320105 0.3005174999042822 0.0242787341605581 0.03693182080408457
8 0.47947360459503197 0.3078734319719283 0.05985560124083733 0.058137182067646086
8 0.5489502242732011 0.3152192195277686 0.05952781930985189 0.05344968206764609
0 0.621224062020385 0.3182427671984781 0.0663241225281606 0.06199270229738456
3 0.7418372107795477 0.2811993567645299 0.03587179802252862 0.0475852312061269
3 0.7768842001358861 0.2837460330568087 0.03485560124083733 0.05521510114869219
3 0.8130402214232095 0.2910715243778048 0.03798060124083733 0.05558036126356143
5 0.7454428120203851 0.3327618567645299 0.03430929802252862 0.04740260114869228
5 0.7799270726640467 0.3383422180280914 0.037215776735205 0.04464286126356143
5 0.814974062020385 0.3408888943203702 0.03743429802252862 0.047767861263561515
6 0.3049595596745965 0.3719359103382304 0.09680929802252862 0.05470780344607675
2 0.5491083974217805 0.39504876432674746 0.0695912341605581 0.042228092469688325
5 0.7953114080654421 0.42537549837269906 0.09212179802252862 0.05415991327377299
5 0.31000732861613145 0.4662845302807958 0.10786676634364492 0.12418832367581523
3 0.559007557328808 0.4922890244416167 0.12414733020561534 0.1353896242501614
6 0.8083737727999327 0.5346084535737201 0.10260011213660043 0.13752030344607674
6 0.3209498184766728 0.6116883453095131 0.10539733020561534 0.13319806356094616
5 0.5697861562238568 0.635349089470334 0.1114288089182919 0.13080358379068446
8 0.820550980729489 0.6755073986598722 0.20002141535490914 0.15665586700702291
8 0.3306740157625672 0.7507508453095132 0.19031863342392405 0.1508725866624152
8 0.5790568854407364 0.7790077744416167 0.19667789406758568 0.1531656068921537
0 0.8263689280153834 0.8141133235162856 0.21095891535490913 0.15793427740906515