4 0.6014992593588978 0.5200427836932437 0.5720156044085062 0.8015103706317401
2 0.3229847420956741 0.7968489353158701 0.048813275374335684 0.04173010357732245
1 0.2633885205899791 0.6727958504573531 0.05731308153075183 0.03323029742090622
1 0.2598358234186299 0.6430354176370544 0.04637558153075183 0.03220923793672483
1 0.25777269342698217 0.6126396004573531 0.046521447171349095 0.03377173793672501
6 0.31238847212908305 0.6750468681361688 0.04666731281194645 0.03533423793672501
6 0.3128878905983313 0.6472135994173633 0.04950058153075183 0.032500969217919715
6 0.30862687624728086 0.6181614837767662 0.03641711896836251 0.025084044093141068
8 0.3041569631857773 0.5619844165970648 0.05681366306150357 0.06106356613971151
8 0.29688469217919644 0.4923802337767661 0.05212616306150357 0.06062596921791972
0 0.284633189891421 0.4192134540346755 0.0605221256238929 0.0676052974209064
3 0.22147437146393392 0.2901811378949638 0.046813178452543805 0.03689673793672501
3 0.21662989455049422 0.25487902225436654 0.05447981281194645 0.0360635661397116
3 0.2163999848167558 0.21923325353556117 0.05477154409314107 0.0391885661397116
5 0.2730368714639339 0.2949947040346755 0.04666731281194636 0.03533423793672501
5 0.2713903273707928 0.26076556967527276 0.04383404409314107 0.03816750665553039
5 0.26654585045735313 0.22546345403467546 0.04695904409314107 0.03845923793672501
6 0.4061606946747679 0.7504028440096188 0.05250193843583926 0.09783423793672501
2 0.37786397192128707 0.5053610642675281 0.04064722254568487 0.07039654409314107
5 0.3564526335272089 0.25941317990812546 0.052064341514047284 0.09314673793672501
5 0.5008378103153651 0.7607902152657566 0.1218354009982285 0.11050232612300714
3 0.47444724064009236 0.5112797339845621 0.13266905740420185 0.1270025199665911
6 0.4645358537851183 0.2640820919296393 0.13531443843583926 0.10556511688838306
6 0.6460773774950666 0.7735744698413076 0.13091866971703398 0.10825251996659109
5 0.6173430578197937 0.5238451900992169 0.12837713227942338 0.11421078868539639
8 0.6049420553242223 0.2748662495833982 0.15217060815287323 0.20316944509136964
8 0.7851398774950665 0.7865565118544693 0.14660791430928946 0.1933568481695776
8 0.7611659906400925 0.5380460790341706 0.14875387687167868 0.19975271381017484
0 0.7443692194257157 0.29175454159655984 0.15319166763705425 0.21410694509136965