4 0.51171875 0.44311665740142525 0.796875 0.568698583130605
3 0.7703125 0.6994247029737485 0.1234375 0.049155638367289714
3 0.253125 0.6516523618291019 0.1234375 0.05384313836728971
3 0.2953125 0.8037506721339522 0.034375 0.05644998789975162
3 0.25703125 0.8031921359314029 0.03125 0.05486930718159257
3 0.2203125 0.7994995093697739 0.034375 0.05019998789975162
6 0.775 0.5978349318965096 0.1046875 0.13967155405833437
6 0.51484375 0.43606722668326603 0.103125 0.14278746369925485
6 0.26015625 0.26176770521324366 0.1046875 0.12248405405833437
6 0.778125 0.31109800117835035 0.1015625 0.12559087334017516
6 0.70078125 0.7802979739527914 0.0328125 0.05019089754067192
6 0.6671875 0.7797121666730031 0.0296875 0.050172716822512696
6 0.63671875 0.7783269286750558 0.03125 0.04705680718159222
2 0.828125 0.7959633596878026 0.0359375 0.061146578258831144
1 0.7 0.8388962691323313 0.0328125 0.0533158975406721
1 0.66875 0.8382968263139237 0.0296875 0.056422716822512695
1 0.6359375 0.8377064738545956 0.0296875 0.0611102168225127
1 0.5125 0.5829558622218853 0.1109375 0.12252041549465283
1 0.2515625 0.5477552021881815 0.11875 0.13350336729005097
2 0.51640625 0.2962143863241863 0.109375 0.1287613251355733
5 0.778125 0.45094175117835034 0.1125 0.13502950585373252
5 0.253125 0.40477736182910196 0.109375 0.1303238251355733
5 0.2953125 0.7498444221339522 0.034375 0.04707498789975162
5 0.25859375 0.7508392955723233 0.034375 0.05019998789975162
5 0.22109375 0.7479324641902341 0.0375 0.04396816861791084
8 0.57890625 0.7708507719610017 0.06875 0.06602497579950324
8 0.50546875 0.7665905188377437 0.0703125 0.06290906615858276
0 0.4265625 0.7584558319712643 0.0765625 0.0613829275949012
5 0.50859375 0.6798535881195844 0.09375 0.042732921544777015