4 0.48828125 0.55390625 0.796875 0.5640625
3 0.2296875 0.29609375 0.1234375 0.0484375
3 0.746875 0.346875 0.12421875 0.053125
3 0.7046875 0.19453125 0.03515625 0.05625
3 0.74296875 0.1953125 0.03203125 0.0546875
3 0.7796875 0.19921875 0.034375 0.05
6 0.225 0.39765625 0.1046875 0.1390625
6 0.48515625 0.5609375 0.10234375 0.1421875
6 0.73984375 0.73671875 0.1046875 0.12109375
6 0.221875 0.684375 0.1015625 0.12578125
6 0.29921875 0.215625 0.0328125 0.05
6 0.3328125 0.21640625 0.0296875 0.04921875
6 0.36328125 0.21796875 0.03046875 0.04765625
2 0.171875 0.19921875 0.0359375 0.0609375
1 0.3 0.15703125 0.03203125 0.05390625
1 0.33125 0.1578125 0.0296875 0.05546875
1 0.3640625 0.15859375 0.0296875 0.0609375
1 0.4875 0.4140625 0.1109375 0.12265625
1 0.7484375 0.45078125 0.11875 0.1328125
2 0.48359375 0.70078125 0.10859375 0.12890625
5 0.221875 0.54453125 0.11171875 0.13359375
5 0.746875 0.59375 0.10859375 0.1296875
5 0.7046875 0.2484375 0.03515625 0.04609375
5 0.74140625 0.24765625 0.034375 0.05
5 0.77890625 0.25078125 0.03828125 0.04375
8 0.42109375 0.22578125 0.06953125 0.065625
8 0.49453125 0.23046875 0.0703125 0.06328125
0 0.5734375 0.2390625 0.07734375 0.0609375
5 0.49140625 0.3171875 0.09453125 0.0421875