4 0.48595179926079224 0.46490246721045586 0.6291108363936131 0.8264362630018406
3 0.7226554763722767 0.1927973366140468 0.05851361485312836 0.12597600180902227
3 0.7140918721493079 0.7126461691557637 0.06332866061076281 0.12778416327441172
3 0.8629918866931755 0.6624746715306129 0.059056006667959696 0.03732293758467105
3 0.8653355077552216 0.7007968651081777 0.05723841515269044 0.034116050429541286
3 0.8644265830596332 0.7377203329960021 0.05280600666796005 0.03699538896415202
6 0.6207103390993731 0.19343250169748066 0.1476080657615139 0.1119754568065479
6 0.47866545774552327 0.46214595940853975 0.15060552000387945 0.11057673111680728
6 0.3236741662399525 0.7260457643606368 0.1304205657615139 0.11107469810012063
6 0.333736497584104 0.20533379466379015 0.1332904742462448 0.10811347241038013
6 0.8088000125870135 0.2581113981248645 0.05267846091032524 0.03543288896415202
6 0.8107609963761562 0.2917460917024294 0.05242336939505634 0.03230788896415202
6 0.8116856386500295 0.32229672885755917 0.04942591515269044 0.033706614653892505
2 0.8148112833397988 0.12990783299600217 0.06387105242559414 0.03913109905006031
1 0.8674575354658309 0.2558218798074988 0.055675915152690436 0.034034163274411534
1 0.8692272006185213 0.2871128233850637 0.05867336939505634 0.032635437584671044
1 0.8711244115288466 0.3199662669626286 0.06336086939505634 0.032881099050060314
1 0.625731776381975 0.456792316826343 0.13093074879205205 0.11732469810012063
1 0.6103131679069425 0.7196541649718922 0.14250597758022465 0.1257104081860289
2 0.3386941619878887 0.4679123597926525 0.13705320303441743 0.11608974672063965
5 0.4735802475841041 0.19800489427967732 0.1435582945496865 0.11954229534115868
5 0.46721687214930796 0.7255843396662646 0.1386157030344176 0.11617163387576941
5 0.8090856366931755 0.6652997783825894 0.049681006667959694 0.03683161465389269
5 0.8128642119975871 0.7019775848050245 0.05280600666795969 0.0369953889641522
5 0.8128003101808158 0.739641359115284 0.04681109818322895 0.03979284034363317
8 0.8085923316825074 0.38051866463320794 0.07123701333591939 0.07218926051544958
8 0.8098994822913305 0.4542018260985972 0.0682395590935542 0.07358798620519007
0 0.8077467930518745 0.5335584554518109 0.0673147878817268 0.08131859905006031
5 0.7229256407760614 0.4556215632082985 0.049840245458072016 0.09596095318850324