4 0.4854925971708677 0.4468094013832671 0.8421265226045145 0.6160174756436803
6 0.7491504811952078 0.6944484659143335 0.11380923328249999 0.05821369480442442
6 0.7616920744694441 0.42402687175853204 0.11279355357097227 0.14878414772652385
6 0.48649531876986085 0.26952019846116776 0.10937761284152785 0.13622960064862308
6 0.20938207921909674 0.5664260206995765 0.10647081838861121 0.14555005357072232
6 0.6741667053596521 0.7957166854755242 0.03880923328249999 0.0569045649348082
6 0.6405729553596521 0.7963030665629566 0.03568423328249999 0.056850017856907444
6 0.6086326243376036 0.7929559241114384 0.030996733282499987 0.0567681972400564
8 0.5462053595199646 0.7909218656694521 0.06864220364722229 0.06367276217486459
8 0.4674263960890966 0.7868304293864442 0.07031380642076393 0.06838753571381488
0 0.3908820798846868 0.7873855827950109 0.0719126740119446 0.06997730925276535
5 0.25885082988468683 0.7896901968363147 0.03848192496187508 0.0428420649348082
5 0.2206786826582285 0.785670898540598 0.035393292553055566 0.04435001785690744
5 0.18237924886263823 0.7871203502448813 0.03691942496187504 0.04281479139585791
3 0.25603364798895767 0.843623720375265 0.04186149810013902 0.0538341120127086
3 0.2185518317845479 0.843497035310073 0.038663762917777865 0.050654564934808376
3 0.18110638317131872 0.8418078502448815 0.038809233282500036 0.056904564934808374
1 0.6711676855080201 0.8574627090144744 0.035611498100139014 0.05372501785690744
1 0.6377194058727423 0.8517990901019068 0.03255923328249999 0.05679547077900686
1 0.6041802072595133 0.8500417211893392 0.03553876291777769 0.050600017856907445
2 0.8075422498125686 0.8027597978952702 0.042116071238402955 0.0647716120127086
0 0.21663741365961786 0.25470727069957655 0.21918902393569456 0.15688874837514694
0 0.7677635025654512 0.26382971145010653 0.2285640239356944 0.157052389608849
8 0.48204094206062464 0.4273463352306429 0.20846972948277784 0.16607283360249453
8 0.21069327213274272 0.40943568100800204 0.213229964665139 0.1692796542193456
5 0.4782950801690273 0.5882838352306429 0.115700348023889 0.13946369480442442
5 0.7540399625778468 0.585032555605908 0.12187761284152784 0.13644778896022594
5 0.21441245849378415 0.6858209030048249 0.10443423328250008 0.05805005357072233
3 0.47898345155992994 0.6929167881527423 0.13575696846486132 0.06172052434972919