4 0.5570150109715069 0.538667769931594 0.8859699780569864 0.6111986067790858
6 0.26336751829066374 0.28946029996818334 0.11808144737146468 0.05755905601527207
6 0.28393947371464673 0.5598455253023651 0.12394877924771333 0.14814769334818118
6 0.5786598246004633 0.7159751572645032 0.11958345760961002 0.13561133068109027
6 0.8199798063097997 0.42064228656114117 0.11738869883818737 0.14494996801399934
6 0.32610119518583763 0.18861486795832008 0.04308144737146469 0.05668635200509069
6 0.35969494518583767 0.188223969287093 0.039956447371464685 0.056649989337999786
6 0.3921137956977449 0.1917575019494114 0.0352689473714646 0.05659544533736342
8 0.4549238761072707 0.19415524860759362 0.07338910819051633 0.06328179734245412
8 0.5343727668239409 0.19870584126354868 0.07541672880480502 0.06798747867599957
0 0.6110127869263223 0.19859620591982186 0.0786967690095679 0.06958634134309047
5 0.7430440369263224 0.19705988323523177 0.04168608552859858 0.04262385200509065
5 0.7817904075406111 0.2013019405633684 0.03871612573336147 0.04414998933799978
5 0.8199941374382297 0.20007524789150496 0.040123585528598585 0.042605670671545234
3 0.739257649862002 0.14313545190168636 0.045896366961938995 0.05359771467218159
3 0.7768351699643835 0.14348034989659567 0.04246128655241303 0.05043635200509069
3 0.8145677302715277 0.145387747891505 0.04308144737146478 0.05668635200509069
1 0.3215396070977028 0.12687793662477465 0.039646366961938816 0.05352498933799978
1 0.3557535179167544 0.1327370379535476 0.03683144737146469 0.05661362667090888
1 0.3895798282238988 0.13468988928232054 0.03933628655241304 0.05039998933799979
2 0.1915772039572602 0.18079437197645562 0.046981648395279185 0.0645352146721816
0 0.8509103271599997 0.7323610365611413 0.23081894006676507 0.15563402402927143
0 0.29748734470284477 0.7200290473026832 0.2401939400667649 0.15574311203054414
8 0.5637820139194096 0.5581535665977304 0.2208116812953424 0.16488175469445315
8 0.8379050968884718 0.577646264560823 0.2258092617048682 0.16806129869508962
5 0.5478128728288303 0.3972160665977304 0.1261435380191358 0.13880905601527208
5 0.2718765826240673 0.39886257196850144 0.13208345760961002 0.1357567813494537
5 0.8003067306454371 0.30120194322886845 0.10870644737146477 0.057449968013999354
3 0.5343001791097153 0.2925649292648213 0.14026652778099055 0.06093859468490823