4 0.50390625 0.54453125 0.82890625 0.6015625
6 0.234375 0.2921875 0.11171875 0.05546875
6 0.228125 0.5625 0.109375 0.14609375
6 0.50703125 0.721875 0.10625 0.134375
6 0.77734375 0.4296875 0.103125 0.14296875
6 0.30703125 0.1921875 0.0375 0.05703125
6 0.340625 0.1921875 0.03515625 0.05703125
6 0.37265625 0.19609375 0.0296875 0.05703125
8 0.43515625 0.19921875 0.0671875 0.0625
8 0.5140625 0.2046875 0.06875 0.0671875
0 0.590625 0.20546875 0.07109375 0.06875
5 0.72265625 0.20546875 0.0375 0.0421875
5 0.7609375 0.21015625 0.03359375 0.04375
5 0.79921875 0.209375 0.0359375 0.0421875
3 0.72421875 0.1515625 0.04140625 0.05390625
3 0.76171875 0.15234375 0.0375 0.05078125
3 0.79921875 0.1546875 0.03828125 0.05546875
1 0.30859375 0.13046875 0.034375 0.05390625
1 0.3421875 0.13671875 0.03125 0.05703125
1 0.37578125 0.1390625 0.03359375 0.05
2 0.1734375 0.1828125 0.03984375 0.0640625
0 0.77734375 0.74140625 0.21484375 0.153125
0 0.22578125 0.72265625 0.22578125 0.153125
8 0.5078125 0.5640625 0.2046875 0.16328125
8 0.7796875 0.58671875 0.209375 0.16484375
5 0.5078125 0.403125 0.11171875 0.1375
5 0.23203125 0.4015625 0.11953125 0.134375
5 0.76953125 0.31015625 0.103125 0.05703125
3 0.5046875 0.2984375 0.134375 0.06015625