4 0.49134753278954413 0.49527924759698455 0.8338393272261916 0.6408260643153489
6 0.7755841711878693 0.774553598876039 0.10253850180902227 0.058947923526567615
6 0.2295535396869491 0.4366857238911484 0.1167448439616777 0.1521207757321834
6 0.7635124598587657 0.5145615742436416 0.1091780054270668 0.15598714889417026
2 0.8358433197629598 0.871789849425932 0.03691350180902227 0.05205045808725757
2 0.5143600661449153 0.7416592124864015 0.08634029172311415 0.046368169850541464
1 0.24585904963657185 0.7033383119425523 0.12120661465389251 0.05935612793779903
5 0.7715783446390463 0.6684678242436416 0.11781602103089917 0.14291000109978605
5 0.4992452419709412 0.48290123711879895 0.1167448439616777 0.1521207757321834
5 0.23778319877748916 0.5937169738911484 0.1229948439616777 0.15277767720259378
8 0.7548700429663094 0.36447946155984035 0.2076155054270668 0.16633334705313524
8 0.49130218792335534 0.3313387371187989 0.21287621551297525 0.17776352315594313
8 0.2230092113291037 0.282162449258751 0.2210162641334942 0.1848346499939563