4 0.5702480788480913 0.49053870015091183 0.5843503067003907 0.8273529506452034
6 0.32893363120249475 0.7514138972617119 0.05192957694917481 0.10197367688202608
6 0.5924132224100038 0.2316557900747996 0.14444445916315996 0.11510502965749518
6 0.5891444449048256 0.7635769521280782 0.14885914065150557 0.1074835306460784
2 0.23946439263524016 0.80315812798434 0.0496924651536097 0.0379111768820259
2 0.32529024291324193 0.49069923174839236 0.04044643992586625 0.08590300790866542
1 0.3260888179635001 0.22314431722365588 0.05102184137714501 0.1206600098858317
5 0.4352381949048256 0.7573057530029306 0.1351240228654909 0.11628552768032882
5 0.583829429210911 0.49967361961856416 0.1444444591631598 0.11510502965749528
5 0.4353819724100038 0.22525725695726323 0.14466271397248337 0.12135502965749527
8 0.7391171630536603 0.7689077337627397 0.15229665389834962 0.20592103064607842
8 0.735391929210911 0.5058493182494201 0.1633978450053421 0.21105419961943922
8 0.7471552861123347 0.23952132269804433 0.1699206635169963 0.21912136760421674