4 0.53203125 0.55390625 0.8046875 0.55546875
6 0.2609375 0.303125 0.09921875 0.0484375
6 0.7921875 0.58515625 0.109375 0.140625
6 0.259375 0.56328125 0.1015625 0.1453125
2 0.20546875 0.21171875 0.03515625 0.0484375
2 0.521875 0.30859375 0.08515625 0.03828125
1 0.78984375 0.31875 0.11796875 0.046875
5 0.259375 0.409375 0.1109375 0.13203125
5 0.5234375 0.5671875 0.11015625 0.140625
5 0.7921875 0.428125 0.11640625 0.140625
8 0.26015625 0.71328125 0.19921875 0.1453125
8 0.5234375 0.71875 0.2046875 0.15625
8 0.790625 0.73984375 0.2125 0.1625