4 0.49193928516057694 0.357632240527362 0.8201422331856787 0.5782723225266652
2 0.8311657780638629 0.6492764790284737 0.043829145588778574 0.053554226955740705
2 0.4866336165928393 0.21354048793546387 0.11073484577334831 0.1277722684261109
1 0.7089193406792194 0.7031813119692142 0.037178627390180984 0.04675742280870363
1 0.5028941764304184 0.49180218897222316 0.12031010487264701 0.13171747464666642
1 0.2529826164359558 0.6008715584823616 0.1155038864894796 0.056717474646666585
1 0.6801132202288687 0.7072727811492605 0.03425388648947969 0.04960902073518518
1 0.6479818406792195 0.7085126524028252 0.03365310919158375 0.040234020735185186
6 0.705715195090441 0.6531813119692143 0.036978368290882455 0.04363242280870363
6 0.6751463155407917 0.6542844821860198 0.0273029796419344 0.03812471658814811
6 0.6421836212163179 0.6548114539579641 0.03561612739018098 0.04662072177194432
6 0.49305120218715504 0.3504642894906027 0.10821062307124443 0.13687386635259244
6 0.2286184623661877 0.35552966418453746 0.11113536397194572 0.1340222684261109
5 0.24100544570874996 0.4997875121110189 0.11406010487264702 0.13117067049962933
5 0.7475711165928394 0.19071141479666806 0.11139617982650449 0.1138464694628702
6 0.7577948226375056 0.32573096375990884 0.10861114126984148 0.14312386635259244
8 0.7835014312107805 0.555242806502594 0.1561288864894795 0.060271701602407114
3 0.7661754264304184 0.4687680642782885 0.12998549352159508 0.1372251808672221
8 0.5874961212163179 0.6595959902445381 0.06297966378737563 0.06144463939685174
8 0.5124460564414932 0.6653763900089824 0.06570414558877821 0.05546804147037019
0 0.43452131554079176 0.6753364418469452 0.07215440468807692 0.05913984561740726
5 0.3040525655407918 0.6867509784163431 0.03531573874123302 0.04193322177194432
5 0.26801493599114246 0.6883326022618059 0.03697836829088237 0.04363242280870363
5 0.22968362121631786 0.6909005276624078 0.03677810919158375 0.04050742280870363
3 0.3080880259043947 0.7374638778979634 0.0358163864894796 0.04974572177194432
3 0.2716195997785181 0.744582602261806 0.04382914558877822 0.053554226955740705
3 0.23001309067921935 0.7450801797359263 0.03601664558877822 0.052870721771944316
3 0.2261571915466968 0.21904536003750036 0.12499760487264702 0.13212757775694417