4 0.53359375 0.6015625 0.78828125 0.50859375
2 0.21484375 0.28203125 0.03984375 0.05078125
2 0.5296875 0.7453125 0.10390625 0.11953125
1 0.33984375 0.2390625 0.03359375 0.04296875
1 0.53125 0.4671875 0.11171875 0.12109375
1 0.78671875 0.38046875 0.11328125 0.04765625
1 0.36875 0.2375 0.03203125 0.04609375
1 0.40078125 0.2390625 0.03203125 0.0375
6 0.33984375 0.2890625 0.03359375 0.04140625
6 0.3703125 0.290625 0.02578125 0.0359375
6 0.403125 0.29296875 0.0328125 0.04296875
6 0.53203125 0.60859375 0.10078125 0.128125
6 0.7953125 0.6265625 0.103125 0.125
5 0.7921875 0.48203125 0.10625 0.12109375
5 0.26875 0.7453125 0.1046875 0.1046875
6 0.2671875 0.61015625 0.10078125 0.134375
8 0.25625 0.3796875 0.15390625 0.04609375
3 0.26796875 0.4671875 0.12109375 0.1265625
8 0.4578125 0.29296875 0.06015625 0.05546875
8 0.5328125 0.29375 0.0625 0.05078125
0 0.6109375 0.290625 0.06953125 0.05390625
5 0.74140625 0.290625 0.0328125 0.0390625
5 0.77734375 0.2921875 0.034375 0.04140625
5 0.815625 0.29296875 0.034375 0.0375
3 0.740625 0.23984375 0.0328125 0.04765625
3 0.77734375 0.2359375 0.040625 0.05078125
3 0.81875 0.2390625 0.03203125 0.04921875
3 0.7890625 0.7625 0.1171875 0.12109375