4 0.3735849716733497 0.53359375 0.5460534019813521 0.7875
2 0.7079622415229446 0.21484375 0.05189213978475227 0.040625
2 0.2300169081911143 0.5296875 0.12355312406898662 0.103125
1 0.7451090229544761 0.33984375 0.04535104135632899 0.034375
1 0.5080691335840084 0.53125 0.1271147717116218 0.1125
1 0.5828892353222008 0.78671875 0.0521147717116218 0.1125
1 0.7453251927230177 0.36875 0.048330492142117265 0.03125
1 0.7422708132773476 0.40078125 0.03895549214211709 0.03125
6 0.6951090229544761 0.33984375 0.04222604135632899 0.034375
6 0.6921274181159118 0.3703125 0.03710189371369381 0.025
6 0.6882554013666888 0.403125 0.04527826674922295 0.0328125
6 0.3666264962804555 0.53203125 0.1327825748547749 0.1
6 0.3363952249831185 0.7953125 0.12980312406898661 0.103125
5 0.48107202419733036 0.7921875 0.12682367328319835 0.10625
5 0.2421702675777925 0.26875 0.10956339867609248 0.1046875
6 0.37739929218489837 0.2671875 0.13903257485477488 0.1
8 0.6083774644346394 0.25625 0.054006911496374065 0.153125
3 0.5203316548813455 0.26796875 0.13223891935425697 0.121875
8 0.6857082901179838 0.4578125 0.05901543507002245 0.059375
8 0.6814338589769026 0.5328125 0.05291098428423417 0.0625
0 0.6809201286216098 0.6109375 0.05632708271265763 0.06875
5 0.6748434489282706 0.74140625 0.04059076674922295 0.0328125
5 0.671607132964836 0.77734375 0.04222604135632881 0.034375
5 0.6690429050907424 0.815625 0.03910104135632899 0.034375
3 0.7256610862318237 0.740625 0.04840326674922295 0.0328125
3 0.727857132964836 0.77734375 0.05189213978475227 0.040625
3 0.7228036058765307 0.81875 0.05145549214211727 0.03125
3 0.20074882341154204 0.7890625 0.1273330955329393 0.1171875