0 0.5078125 0.48515625 0.753125 0.490625
1 0.33046875 0.13515625 0.02578125 0.03984375
1 0.3578125 0.13515625 0.028125 0.04375
1 0.3921875 0.1390625 0.0296875 0.03984375
2 0.203125 0.17265625 0.040625 0.04140625
6 0.3296875 0.18515625 0.0328125 0.03828125
6 0.3609375 0.1875 0.028125 0.03125
6 0.3921875 0.18984375 0.02578125 0.03671875
8 0.44453125 0.18671875 0.05703125 0.05234375
8 0.5125 0.1953125 0.05546875 0.046875
0 0.58984375 0.19921875 0.06171875 0.04140625
5 0.7125 0.20234375 0.03125 0.0328125
5 0.746875 0.20703125 0.0296875 0.034375
5 0.78046875 0.20546875 0.02578125 0.03671875
3 0.71328125 0.1578125 0.03359375 0.04375
3 0.74765625 0.16015625 0.028125 0.03984375
3 0.78203125 0.16015625 0.0328125 0.0421875
5 0.259375 0.2609375 0.0921875 0.0421875
3 0.5125 0.28515625 0.11484375 0.0421875
3 0.753125 0.2984375 0.10703125 0.046875
6 0.25546875 0.3546875 0.10625 0.11328125
5 0.51171875 0.3671875 0.10078125 0.1046875
5 0.75859375 0.3859375 0.10078125 0.10234375
1 0.253125 0.49140625 0.11015625 0.109375
8 0.5109375 0.49765625 0.19453125 0.13359375
6 0.759375 0.51875 0.0921875 0.1203125
8 0.25 0.62265625 0.19921875 0.121875
6 0.50546875 0.628125 0.09296875 0.11328125
3 0.7546875 0.64453125 0.1109375 0.11484375