0 0.43920857321184376 0.48654219593413944 0.560932238767909 0.7588339387332697
1 0.07265282300404774 0.667958564648319 0.04310471589015448 0.027035214672181597
1 0.07520547171450087 0.640614814648319 0.04637558153075179 0.028634077339272323
1 0.08232076580764194 0.6061943613144554 0.04339644717134909 0.030160214672181596
2 0.09826477329536605 0.7948659626432283 0.04441750665553035 0.041097714672181596
6 0.12257989018374908 0.6681580119748648 0.04056317845254376 0.03324885200509069
6 0.1278409529956955 0.6368807399745466 0.033875581530751785 0.02848862667090888
6 0.13310201580764197 0.6056034679742284 0.03983385024955712 0.025436352005090514
8 0.1348635147676522 0.5532960806413193 0.058376163061503575 0.056868165340545215
8 0.1498024201336357 0.4852273333068194 0.05212616306150357 0.056795440006363405
0 0.16092901934320308 0.40783812997295577 0.0464596256238929 0.0629727146721816
5 0.17550447213009285 0.2851455173058649 0.03572981281194645 0.03163180800445442
5 0.18340101622323393 0.25071597330522855 0.037146447171349094 0.030087489337999783
5 0.18497462749607635 0.21714040463877401 0.03983385024955717 0.02543635200509069
3 0.1310461549503915 0.28488243531191004 0.04695904409314107 0.0348840773392725
3 0.1365989490435326 0.25048016331159195 0.043250581530751786 0.028597714672181595
3 0.13980799313667364 0.21610516331159194 0.045250678452543755 0.03330339600572696
5 0.19179718635686963 0.7375887172979108 0.05079357279524199 0.09267839600572696
3 0.2396461701336357 0.48418190662795635 0.05298155740420176 0.11611589600572696
3 0.2753907287856232 0.24340236529282003 0.056793863560617906 0.1067954400063634
6 0.28518252225537627 0.740404087285184 0.1224188635606179 0.1075590560152719
5 0.321604487313337 0.4840086366168205 0.11402290099822858 0.10121814934754489
5 0.3634012585277139 0.23691546061427515 0.11246040099822859 0.10119996801399936
1 0.4216824737944803 0.7411569705999577 0.11958559484181244 0.11064769334818117
8 0.4520003044930384 0.4832717452657758 0.15246233943406792 0.19531359468490822
6 0.4962866913480125 0.23458879726291232 0.12891857279524183 0.09358746268299925
8 0.5526407425132857 0.7427547385821403 0.14054580199645716 0.2014181440165448
6 0.5819585247509478 0.4872223539147312 0.12125193843583944 0.0950590560152719
3 0.6216303444262206 0.23781269991250403 0.1259814604824097 0.11228291868236298