0 0.5445754423356189 0.4377499168058705 0.7903023394311897 0.560932238767909
1 0.34071027821910155 0.1043056670136665 0.028078378424238614 0.042958850249557166
1 0.36805402821910155 0.10175301830321337 0.031440176764564676 0.04637558153075179
1 0.40272502614450917 0.1024502242100723 0.032765878424238615 0.04339644717134909
2 0.21620810830301415 0.15369371672234822 0.04370337842423862 0.04441750665553039
6 0.3437178016643183 0.15437859983396515 0.035654080083912555 0.040563178452543716
6 0.37514540041956285 0.15380503702201873 0.030492983403260433 0.033875581530751785
6 0.4065729991748074 0.1532314742100723 0.027841580083912555 0.03983385024955712
8 0.4586799508344813 0.14521997525006203 0.06027557178554286 0.058376163061503575
8 0.527299896270378 0.14746856988407855 0.059801975104890735 0.05212616306150357
0 0.6049396441957856 0.14415447067451115 0.06557837842423861 0.04645962562389285
5 0.7278326925361116 0.13582901788762142 0.03373638257342364 0.03572981281194645
5 0.7625628900466006 0.13730747379448033 0.03229228174358649 0.037146447171349094
5 0.7960382408764376 0.1326088625216379 0.027841580083912732 0.03983385024955712
3 0.7252395661864655 0.09122483506732273 0.037690176764564674 0.04695904409314107
3 0.7597921649417099 0.09035954097418167 0.031203378424238794 0.043250581530751786
3 0.7941671649417099 0.0871504968810406 0.036009277594401826 0.045250678452543755
5 0.279147661417225 0.23672380366084464 0.09538427759440164 0.05079357279524199
3 0.5341078485547519 0.23731231988407853 0.11882177759440164 0.05298155740420185
3 0.7757392415011376 0.22813026123209107 0.10980197510489056 0.056793863560617906
6 0.2823453616270064 0.3308384677623379 0.11477474025173766 0.1224188635606179
5 0.5395425549883106 0.3194165027043772 0.10793274440092268 0.11402290099822858
5 0.787838345030267 0.3151197314900004 0.10781434523075965 0.11246040099822859
1 0.29036153901627104 0.4677760162232339 0.11766294191141169 0.11958559484181244
8 0.5486476356969232 0.44995818552467587 0.20393232863402008 0.15246233943406792
6 0.7986835244941239 0.44785929866970176 0.10130423610255264 0.128918572795242
8 0.29718206930996505 0.5993177475044286 0.20923513527271584 0.14054580199645716
6 0.5530652164055356 0.5809374652667665 0.10227474025173784 0.12125193843583926
3 0.8035271576922474 0.5740781455914937 0.1196990385920639 0.12598146048240988