4 0.4654160547591677 0.5607098720810115 0.7261233536294428 0.8785802558379769
2 0.7766726408574541 0.3189917745314643 0.07226456220555555 0.10010664839527923
5 0.7482969052775473 0.5982916740195571 0.07369036116879606 0.09869918860004212
5 0.7200968269549552 0.8665765534052683 0.0747839694628702 0.11119918860004212
0 0.6438601408574541 0.30581335712661717 0.18843494929333282 0.24174434211439397
8 0.6139219052775473 0.5849582164099469 0.1901929389257404 0.22642942252391976
6 0.5819816722895386 0.8599642653861326 0.16880737153638864 0.12362660088581663
6 0.46182889085745416 0.2877511732717385 0.17831907257314797 0.12611934211439396
6 0.4341660547591676 0.5679098428622126 0.17179567049962935 0.12237418129534242
3 0.39937422384467747 0.8394808114288723 0.18009618605101832 0.14643184211439397
5 0.2825125377471764 0.2746865698263855 0.15230337672018496 0.12973365863342456
2 0.2600156552775473 0.5498416100311484 0.16140497464666642 0.127538899862002
1 0.22556557695495522 0.8175063285978081 0.14761587672018495 0.1292685380191358
2 0.9038106307726856 0.27092866050297115 0.057968324882222075 0.04292640716670171
1 0.9482359910930098 0.41166635787443584 0.04960902073518518 0.035901206142887256
1 0.9453652693210653 0.4444788578744358 0.04988242280870381 0.03902620614288725
1 0.9430023954756027 0.48049387797681725 0.04988242280870381 0.03902620614288725
1 0.9082994559842146 0.8411212975672914 0.05654252591898157 0.04433386696193864
1 0.9041006800652329 0.88010627746491 0.05300742280870381 0.03933628655241321
1 0.8992573551830109 0.917451237260147 0.05654252591898157 0.04433386696193864
6 0.8886559395378709 0.40811858009344526 0.06408162384546294 0.04198406798575327
6 0.8811660682843062 0.4396847094791566 0.05714811866166656 0.033551407166701706
6 0.8750336454756027 0.4737496290696308 0.05925742280870381 0.039956447371464775
8 0.8750343540052323 0.5367922697863009 0.07136644354388863 0.07213668860004212
8 0.8657188511305103 0.6162472094791566 0.07816324769092589 0.07900684941909368
0 0.8572529487741679 0.6949984192743937 0.0759951549482409 0.0896342690095679
5 0.8450182059842144 0.8348421692743937 0.05626912384546294 0.041208866961939
5 0.8425186311019921 0.872419689376775 0.05925742280870381 0.039956447371464775
5 0.8359761051830109 0.9111721089672493 0.05613242280870381 0.03964636696193864