4 0.5203125 0.4890625 0.834375 0.653125
2 0.23984375 0.20234375 0.09296875 0.0640625
5 0.51953125 0.20625 0.0921875 0.06484375
5 0.78828125 0.2109375 0.10390625 0.065625
0 0.23984375 0.33515625 0.225 0.16875
8 0.51953125 0.340625 0.20859375 0.17109375
6 0.7953125 0.3484375 0.10703125 0.15859375
6 0.23984375 0.5171875 0.10859375 0.16953125
6 0.5203125 0.5203125 0.10546875 0.16328125
3 0.79296875 0.53125 0.1296875 0.16796875
5 0.24453125 0.69609375 0.11484375 0.1421875
2 0.51953125 0.69453125 0.1125 0.1515625
1 0.78828125 0.70546875 0.11640625 0.13671875
2 0.1796875 0.08046875 0.0375 0.0546875
1 0.31484375 0.02421875 0.03203125 0.04765625
1 0.34765625 0.02421875 0.03359375 0.04765625
1 0.38359375 0.0234375 0.03359375 0.04609375
1 0.74453125 0.0265625 0.0390625 0.05234375
1 0.78359375 0.02734375 0.034375 0.05078125
1 0.82109375 0.02890625 0.0390625 0.05390625
6 0.3171875 0.08359375 0.0359375 0.0609375
6 0.34921875 0.08828125 0.02890625 0.0546875
6 0.38359375 0.09140625 0.03515625 0.05625
8 0.44609375 0.0859375 0.06640625 0.06640625
8 0.52578125 0.08828125 0.07265625 0.07109375
0 0.6046875 0.08984375 0.08203125 0.06875
5 0.74453125 0.08984375 0.0359375 0.053125
5 0.78203125 0.0890625 0.03515625 0.05625
5 0.82109375 0.0921875 0.03515625 0.05390625