4 0.4897363902672677 0.47261443552467586 0.687123175967805 0.8953468377696803
2 0.7878833660841609 0.1653793404750674 0.0678825197716634 0.09973049126449021
5 0.7725807237653648 0.4454315045765608 0.0693813527754692 0.09831385690508761
5 0.7569425004199295 0.7146191014983526 0.06989068874502422 0.11081385690508742
0 0.6550708660841609 0.17777791992583972 0.1779180474519924 0.24075348918451073
8 0.6382057237653649 0.4579759496679303 0.18040637749004845 0.22542022046570534
6 0.6191559989370548 0.734486527870917 0.16376802273741298 0.12269079534092668
6 0.4730396160841609 0.19477126705542766 0.17320668973360737 0.12512848918451072
6 0.4584863902672677 0.4755317483366223 0.1668293557412186 0.12142002662212156
3 0.4364389994313463 0.7492090578208035 0.17403436068413464 0.14544098918451062
5 0.29394236509557775 0.21616038290382095 0.14689885771838496 0.12889877329435623
2 0.28429947376536485 0.49101451726322365 0.1561465237259962 0.1266489671379402
1 0.2624112504199295 0.760785576747405 0.14221135771838495 0.12846117637256427
2 0.9122095454376449 0.0938455705084763 0.05621550790866543 0.04260529742090626
1 0.9629523502668302 0.2237506574469727 0.04814833992388756 0.03562596921791963
1 0.9616153433467479 0.2565631574469727 0.04827567391627667 0.03875096921791963
1 0.9609322524342769 0.2924277246266741 0.04827567391627667 0.03875096921791963
1 0.9431001763133725 0.6536569559078688 0.054716674904859985 0.044021931780308776
1 0.9407272514085128 0.6927923887281674 0.051400673916276673 0.03904270049911425
1 0.9376367434998472 0.7304382543687647 0.054716674904859985 0.04402193178030896
6 0.9034818497725385 0.23163730178967096 0.06240184091247088 0.04162625998329554
6 0.8974891763505536 0.26410614871146293 0.05583350593149916 0.03323029742090622
6 0.8929635024342769 0.29877287999265756 0.05765067391627667 0.03962616306150366
8 0.8958855725865013 0.3607623502505669 0.0682990138401646 0.07175135690508752
8 0.8902948057805873 0.44066864871146294 0.0748036818249421 0.07858481946747684
0 0.8855171224727705 0.5197207643520603 0.07212435079830257 0.08923058818628213
5 0.8798189263133726 0.6595645143520603 0.05458934091247088 0.04089693178030877
5 0.8790721684047071 0.6969915815317617 0.05765067391627667 0.03962616306150366
5 0.8743554934998473 0.7363458128129562 0.054525673916276676 0.03933443178030878