4 0.5314685071635638 0.49874206513329405 0.888293997078795 0.6666744803344764
1 0.7759558412356 0.909967252246718 0.03277283524981467 0.05542082363742153
1 0.7424304417539795 0.9134907360358607 0.035624433176296225 0.05255091515269043
1 0.7077820396804612 0.9131717427038204 0.03603453628657398 0.05723841515269079
8 0.6415815497652297 0.8579897772515673 0.07163984561740726 0.07410692182065048
8 0.5604682508019889 0.8661846566485633 0.07476484561740726 0.07436201333591938
0 0.48367130494902605 0.8787481716514727 0.08441324769092588 0.0782522878817268
5 0.34104430754092413 0.8943248584750325 0.04187443317629622 0.05306109818322895
5 0.3022552096144427 0.9006385024158959 0.035624433176296225 0.05255091515269043
5 0.26326106013282236 0.9046083963567593 0.03820262902925915 0.046556006667960045
3 0.34702019693777586 0.9536360855962153 0.043436933176296225 0.0531886439408634
3 0.3065318979745352 0.9585147752947133 0.03847603110277768 0.04968100666796005
3 0.2675377484929148 0.9624846692355767 0.03976512902925915 0.046683552425594146
6 0.7711323487284705 0.8458409793679008 0.036991443543888634 0.0681759151526908
6 0.73682569924685 0.8494282360358607 0.036307938360092606 0.06036341515269043
6 0.7031635987284706 0.8513892198250032 0.03658134043361087 0.0634884151526908
2 0.9089057508019891 0.8377419526960617 0.04527283524981485 0.05644118969849785
5 0.834961819934767 0.7210325558802604 0.10790953628657399 0.06310552000387944
2 0.5585749771920818 0.7546094278603904 0.09242123732333311 0.06339256242753404
1 0.2808600803023596 0.7820000727193378 0.12632734561740727 0.0785710233378591
6 0.8258910333653692 0.5903724872438086 0.12277170160240694 0.1620532030344176
6 0.24536562035861018 0.4662315515075104 0.12107250056564789 0.16036315727678296
3 0.5409104406226839 0.6246508608909286 0.1399592016024071 0.16345620636839725
5 0.26285379114106355 0.648135255749876 0.1250764953818516 0.1529332945496865
1 0.8056879656931935 0.41341137451671217 0.13445149538185178 0.15369856909549373
5 0.5265178755424065 0.45114958801211136 0.12452969123481453 0.14668329454968648
8 0.7867446016496753 0.24185523891079855 0.21904110885972194 0.18077099425012416
8 0.5123987125356475 0.28077331513329407 0.2102717016024071 0.16919576546195145
8 0.2354261094253698 0.2986614142346068 0.22167809330833305 0.15771613152302777