4 0.5220152917414678 0.5326450366009121 0.8777843265224445 0.6081645134468129
1 0.7589839581047831 0.9583610099061406 0.031839861884499145 0.05345226400381797
1 0.725444838426614 0.9595331585773679 0.03474634059717552 0.0503636266709087
1 0.6908513171392905 0.9568081479153676 0.0350741225281606 0.0550511266709087
8 0.6257072823583136 0.8973609699236398 0.0704324683211162 0.06951361600890849
8 0.5445665430019755 0.8998688992680031 0.0735574683211162 0.06954997867599957
0 0.4676598355766224 0.9070188752785026 0.08315098960843983 0.07278406667727211
5 0.3249642371857767 0.9125887172979109 0.04099634059717552 0.05043635200509087
5 0.2861202584731002 0.9161682506365469 0.03474634059717552 0.0503636266709087
5 0.24711238879493108 0.917404033975183 0.03743429802252862 0.04414998933799978
3 0.32989739164492266 0.971954626631138 0.04255884059717552 0.05045453333863605
3 0.2893816522885844 0.9739898413033196 0.03765281930985207 0.047274989337999784
3 0.2503737826104152 0.9752256246419556 0.038996798022528624 0.04416817067154497
6 0.755285521714652 0.894289419239368 0.03583894703379294 0.0659886266709087
6 0.7209651520364828 0.8954706585773679 0.03529264381548423 0.0581761266709087
6 0.687316771714652 0.8950803072485947 0.035511165102807676 0.0613011266709087
2 0.8930040430019754 0.8958144618873689 0.04433986188449879 0.05359771467218124
5 0.8212004627963602 0.7746758058959593 0.1069491225281606 0.05588746801399935
2 0.5446215373019923 0.7888404926002758 0.09143338317182241 0.057268154678544826
1 0.26682431923297745 0.7967642699713651 0.12511996832111638 0.07014996268299925
6 0.8144209490506051 0.6441797838956411 0.12008254307885018 0.15439769334818115
6 0.23688653889147612 0.4804489266390922 0.11841078243518828 0.15281701201463563
3 0.5292482735562374 0.6584444679344575 0.13727004307885018 0.15459768801718105
5 0.25117790387806826 0.6624619953055467 0.12255197921687966 0.14505905601527208
1 0.7973323659949983 0.46689057789627747 0.13192697921687965 0.1451681440165448
5 0.5179015921097848 0.4849978772676849 0.12211493664223276 0.13880905601527188
8 0.7814074451922075 0.2950610312301411 0.21615986758448216 0.16644425469445326
8 0.5067734319506557 0.3146762866009121 0.20758254307885 0.1554158480267261
8 0.22988315001967047 0.31320688263845586 0.21920845792955612 0.1430612986950896