4 0.515625 0.46171875 0.8359375 0.5984375
1 0.30859375 0.03359375 0.02890625 0.053125
1 0.3421875 0.0328125 0.03125 0.04921875
1 0.3765625 0.0359375 0.03203125 0.0546875
8 0.4375 0.09609375 0.06640625 0.06796875
8 0.51875 0.09453125 0.06953125 0.06796875
0 0.59609375 0.08828125 0.07734375 0.071875
5 0.7390625 0.084375 0.0375 0.05078125
5 0.778125 0.08125 0.03203125 0.05078125
5 0.8171875 0.08046875 0.03515625 0.04296875
3 0.73828125 0.025 0.0390625 0.05
3 0.77890625 0.0234375 0.034375 0.04609375
3 0.81796875 0.02265625 0.03671875 0.04453125
6 0.3078125 0.09765625 0.03203125 0.06484375
6 0.3421875 0.096875 0.03125 0.0578125
6 0.37578125 0.09765625 0.03203125 0.0609375
2 0.1703125 0.09453125 0.040625 0.053125
5 0.23359375 0.21640625 0.10234375 0.0546875
2 0.5109375 0.20546875 0.08671875 0.05625
1 0.7890625 0.20078125 0.11953125 0.06796875
6 0.23125 0.346875 0.11015625 0.15390625
6 0.796875 0.5171875 0.10703125 0.1515625
3 0.5171875 0.3359375 0.1265625 0.153125
5 0.7953125 0.33515625 0.11171875 0.14296875
1 0.2359375 0.52421875 0.121875 0.14296875
5 0.51640625 0.509375 0.1125 0.13671875
8 0.23984375 0.69609375 0.2046875 0.1640625
8 0.515625 0.6796875 0.19609375 0.15390625
8 0.7921875 0.684375 0.20859375 0.13984375