4 0.4138422537195445 0.5207106874509524 0.5900945004097755 0.809844293744429
6 0.6508712570293133 0.25174041244463474 0.05182367328319835 0.10761392319868043
7 0.6677485037195444 0.5133227701247668 0.04470037799792799 0.08868206677218957
6 0.6658393631062227 0.7746694470843709 0.05480312406898662 0.10457985141192587
3 0.5575003242310931 0.7832979524946472 0.15440501778268043 0.13244409012915453
7 0.5491632078151016 0.251570579375109 0.1327825748547749 0.10372805674305985
0 0.5584098910230975 0.5172865075883545 0.16116874813797324 0.21066001834239997
6 0.3912051586008899 0.2530374541439998 0.1391781240689866 0.10703491316955054
6 0.4068110037195444 0.5209152759307545 0.1484075748547749 0.10418269780928675
1 0.40121393692754026 0.7870631131569154 0.13990587014004524 0.12265991316955045
0 0.24596543320799577 0.2588281160599092 0.13802234656639661 0.21622805674305984
2 0.2583371164159915 0.5244531160599092 0.1300214478903042 0.1114496285298145
7 0.25571950040977554 0.7873850250728246 0.1296575748547749 0.1036371285298145
8 0.7138122127775004 0.3265752763929729 0.05261988585581072 0.05770485141192579
8 0.7155780740262053 0.3812855084462842 0.05396406203449331 0.0530628155185485
8 0.7180524106678046 0.43441050844628426 0.05432793507002263 0.06087531551854859
8 0.72438595553879 0.6039872225529069 0.04934933664159917 0.05448892319868044
8 0.7244801548768363 0.6563991687128409 0.048985463606069854 0.04667642319868044
0 0.7255375407326471 0.7126946328194637 0.049713209677128486 0.06230142319868044