4 0.53203125 0.6109375 0.79453125 0.553125
6 0.2703125 0.36171875 0.10703125 0.04609375
7 0.53203125 0.35703125 0.08828125 0.04140625
6 0.79296875 0.37109375 0.10234375 0.04921875
3 0.7984375 0.4796875 0.12734375 0.1484375
7 0.2671875 0.46328125 0.1 0.128125
0 0.5328125 0.46640625 0.20703125 0.1515625
6 0.2640625 0.62109375 0.10390625 0.13515625
6 0.53203125 0.61796875 0.10078125 0.14453125
1 0.79765625 0.6359375 0.11796875 0.13515625
0 0.265625 0.76640625 0.21171875 0.128125
2 0.53125 0.76640625 0.1078125 0.12421875
7 0.79375 0.78125 0.1 0.125
8 0.346875 0.30234375 0.05546875 0.05
8 0.4015625 0.303125 0.0515625 0.0515625
8 0.4546875 0.303125 0.06015625 0.0515625
8 0.62421875 0.3046875 0.053125 0.04609375
8 0.6765625 0.30703125 0.0453125 0.04765625
0 0.7328125 0.30859375 0.0609375 0.046875