4 0.5355855804001306 0.66372868972177 0.7969679871141848 0.631885424019557
6 0.2724169181269315 0.388540705423983 0.10652271077238851 0.05741773392387763
7 0.5341083970496927 0.40982243972177007 0.08773634933607007 0.04930725146672277
6 0.7951277102814092 0.44977665391717564 0.10341589149054772 0.06023265351435185
3 0.8012282402374427 0.5589130446338458 0.12898858411256384 0.16115079679055846
7 0.26988279146710664 0.48979312501445715 0.10074540944452863 0.13804757310482607
0 0.5355259721852659 0.5192749598241515 0.20713176483072288 0.17202780702870388
6 0.26767591773414806 0.6472955446049313 0.10390677088084707 0.14460765351435184
6 0.5356264870159888 0.6707599397217701 0.10083631303532492 0.15367257310482607
1 0.8013560261454045 0.7150855245314643 0.11953177088084707 0.1461580555619811
0 0.2700838211285525 0.7927630848096943 0.21324540944452863 0.14921046784775563
2 0.5357088211285526 0.8191199196193886 0.10853972872636941 0.1356977741286407
7 0.7982951795398089 0.860010424019557 0.10072722872636959 0.13492257310482608
8 0.348633984481906 0.3367626754573655 0.05654089149054773 0.0555814473714646
8 0.40332602966144576 0.3429703326240673 0.051862481849627426 0.05667882675717593
8 0.4564510296614458 0.34824169958600615 0.059674981849627426 0.05745402778099047
8 0.6259913700205255 0.36662606180278157 0.05339771077238851 0.05214636696193882
8 0.678348755559145 0.374163658662339 0.04558521077238851 0.051371165938124276
0 0.7346078459182245 0.38130760603380365 0.06121021077238851 0.05292156798575345