5 0.7380620982195818 0.7996826408211417 0.09774775324641087 0.05338294954451293
7 0.4661752357998358 0.6565129610620765 0.10585235389503396 0.15985120435383654
5 0.18788086607648918 0.746073935749515 0.08343979139585782 0.03882937622353531
0 0.7498759001654511 0.48115089563046515 0.22514782467404082 0.19524804573098145
0 0.47183272078230215 0.4667510566155727 0.21571827759614023 0.19179566351699648
0 0.20728679992056973 0.261299631665831 0.21388304220663673 0.17611609981466553
0 0.25548537744057487 0.8140997386520727 0.05901253571381489 0.07076885698624161
8 0.6550217272784191 0.8546305464487716 0.05421594155801372 0.06435516587924894
8 0.6004160478952703 0.8480333168671919 0.05580571509696384 0.06597222958157971
8 0.5457558214342205 0.8445610872856119 0.05100912094116268 0.059558538474587405
8 0.36392912297634805 0.8264856659640671 0.05262616801906326 0.06273810217691818
8 0.3116535568237239 0.8207515319359835 0.054161394480112965 0.06123016587924894
8 0.1963514797107558 0.43993306315417674 0.20933190990138845 0.18376490870767306
6 0.7458490990303607 0.6670611137792997 0.11380122158978576 0.1679365228654907
6 0.47490099391421536 0.29096980661557276 0.10407166558343128 0.14729664065150558
6 0.1924474095009419 0.6188120313030112 0.11059440097293471 0.16313989546082902
2 0.7529305365278891 0.30615089563046505 0.10881371266133204 0.15058533175849825
2 0.464965517456461 0.7706027429132419 0.07713524431795715 0.03548612141421188
4 0.47948157954860005 0.47639887512722706 0.8306685365212985 0.7114038800213685