5 0.2484375 0.2265625 0.09765625 0.04921875
7 0.52265625 0.36015625 0.10234375 0.15625
5 0.79921875 0.2609375 0.0828125 0.0359375
0 0.2421875 0.5453125 0.22265625 0.1875
0 0.5203125 0.55 0.21328125 0.18359375
0 0.78828125 0.74609375 0.21015625 0.16875
0 0.73046875 0.1953125 0.0578125 0.06875
8 0.33046875 0.16875 0.05234375 0.0625
8 0.38515625 0.1734375 0.0546875 0.0640625
8 0.43984375 0.175 0.04921875 0.0578125
8 0.621875 0.18671875 0.05234375 0.0609375
8 0.67421875 0.190625 0.05234375 0.059375
8 0.79609375 0.5671875 0.20703125 0.17578125
6 0.24296875 0.359375 0.1109375 0.1640625
6 0.5203125 0.72578125 0.1015625 0.14453125
6 0.796875 0.38828125 0.10703125 0.159375
2 0.2421875 0.7203125 0.10703125 0.14609375
2 0.521875 0.24609375 0.0765625 0.0328125
4 0.5125 0.540625 0.81796875 0.6828125