5 0.16080930131879773 0.7290816703093783 0.05861216531583313 0.10339878655241304
7 0.3183940832700472 0.4416069828021498 0.1652722684261109 0.11862902047629084
5 0.24337141677643553 0.17488953580459443 0.04318265494824054 0.08637842470954689
0 0.47901249717176075 0.7037034685377452 0.20691154721981436 0.24047982457154884
0 0.5080327817149083 0.4251133479234565 0.20296634099925887 0.23079474416202306
0 0.7275707595191208 0.1376870522257116 0.18706793892574042 0.22611934211439405
0 0.1717315711590283 0.25015122440463655 0.07380793836009251 0.0646342690095679
8 0.11017360574865868 0.652786907885606 0.06714783524981471 0.05932660819051634
8 0.11964564203523267 0.5976342872713173 0.06884703628657399 0.06104414839527923
8 0.12599267832180663 0.5427917470665543 0.06218693317629622 0.05573648757622749
8 0.15363709910426 0.35959769553083254 0.06558533524981472 0.059171567985753445
8 0.1621228338356951 0.3068663450189253 0.06402283524981471 0.059016527780990556
8 0.549348014702917 0.14762665567106453 0.19304453685222178 0.22361450293344562
6 0.29314334769014033 0.7213720029045312 0.17376827360990718 0.1272167215001053
6 0.6838140317149083 0.40767132488762936 0.15263556738935158 0.11582619883818737
6 0.3705101152212967 0.16459750911641746 0.16867067049962953 0.12206410088581658
2 0.6540124971717607 0.6863389656042995 0.15617067049962935 0.12082377924771333
2 0.20426323275166758 0.45370616774984207 0.039510850801203555 0.07981834430002106
4 0.4979742765311121 0.4385536869463646 0.7544438432618502 0.8771073738927292