4 0.5274502589251584 0.5135315833987302 0.7103402199616372 0.8811690274470931
2 0.09686805518898495 0.8523868655976907 0.06320911201270885 0.04244356426490725
1 0.038903776375028835 0.7078041398125856 0.053725017856907475 0.03592077962517113
1 0.03831739528759653 0.6742103898125855 0.05369774431795714 0.03435827962517113
1 0.034619650969639384 0.6413069615993402 0.0475568384737585 0.040426423198680436
1 0.3521330645277711 0.2218572457768579 0.16473643019392786 0.13285326708875883
6 0.10376116314450401 0.7104721502374268 0.06000229139585782 0.037665136051661816
6 0.10242080559602204 0.6784181681841155 0.06622501785690749 0.036284492478152686
6 0.10491851420016421 0.6425715963973608 0.06307274431795715 0.03463106426490725
6 0.7246288165530708 0.8050611685133198 0.16273755357072234 0.10780780298213628
6 0.7361121927725343 0.523507291632858 0.1488114212654743 0.115211126022532
6 0.7233222719140973 0.23812372109974467 0.15670574188232517 0.12012594655564542
6 0.22228506655307062 0.7904444582341279 0.06446369480442442 0.11431856426490725
3 0.2267371927725343 0.5086859928738641 0.07109552434972928 0.13637542069139794
3 0.21862113514462206 0.22265756466061867 0.060212571427629945 0.13918217194503918
3 0.03426945454365712 0.2633638180258309 0.060029564934808155 0.03922763605166182
3 0.033519432222522766 0.22039506802583092 0.056904564934808166 0.039136707838416565
3 0.033577933440338756 0.17901155007914227 0.055396612012708846 0.04221624373179385
5 0.09759161485208263 0.2675488643440495 0.06320911201270882 0.04244356426490725
5 0.09999386606989862 0.22623354255729486 0.05375229139585782 0.03748327962517113
5 0.10006600405718977 0.18563127461060622 0.04909206493480815 0.038909387305303154
5 0.5372756777582959 0.2264634924116456 0.16610801542127546 0.12196123119538153
5 0.3649775324641088 0.5103658163099712 0.16298301542127547 0.12187030298213627
8 0.34892938716992167 0.7988145508705651 0.1819432954530477 0.22393290815498545
8 0.5563701456946336 0.5151539193712498 0.1864944277582959 0.2162568004748536
8 0.10300541233372511 0.5777051143440495 0.07310230925276531 0.07240384890464338
8 0.10314968830830744 0.49650057845067225 0.0839579886359143 0.06803459765100221
0 0.10404794074393942 0.4137562746106062 0.07334777110331836 0.08646634890464337
3 0.5403083636309713 0.8028214039318435 0.17422052434972918 0.13937605172849493