4 0.5015625 0.51875 0.8609375 0.6953125
2 0.15 0.08203125 0.04140625 0.06171875
1 0.29296875 0.0265625 0.034375 0.053125
1 0.3265625 0.0265625 0.0328125 0.053125
1 0.359375 0.0234375 0.0390625 0.04609375
1 0.78828125 0.3484375 0.128125 0.1625
6 0.2921875 0.09140625 0.0359375 0.059375
6 0.32421875 0.090625 0.034375 0.06484375
6 0.36015625 0.09375 0.0328125 0.06171875
6 0.215625 0.7109375 0.103125 0.1609375
6 0.49765625 0.72734375 0.1109375 0.14765625
6 0.7828125 0.71953125 0.115625 0.1546875
6 0.215625 0.20859375 0.11171875 0.06171875
3 0.49765625 0.21796875 0.134375 0.06796875
3 0.78359375 0.21484375 0.13828125 0.0578125
3 0.7375 0.0296875 0.03828125 0.059375
3 0.78046875 0.0296875 0.0375 0.05625
3 0.821875 0.03046875 0.03984375 0.0546875
5 0.73515625 0.09296875 0.040625 0.06328125
5 0.7765625 0.09609375 0.0359375 0.053125
5 0.8171875 0.096875 0.03828125 0.0484375
5 0.7890625 0.53359375 0.1171875 0.1640625
5 0.5 0.35625 0.1171875 0.1609375
8 0.2109375 0.33515625 0.21875 0.17890625
8 0.50078125 0.54765625 0.2109375 0.1828125
8 0.425 0.09296875 0.06953125 0.07265625
8 0.50625 0.09453125 0.065625 0.0828125
0 0.5890625 0.096875 0.08359375 0.07109375
3 0.2125 0.5265625 0.13359375 0.17109375