4 0.45921730846533426 0.5070760032310412 0.9176953621473682 0.7153510427404868
2 0.1433038477241869 0.07853996124666654 0.045726830305381404 0.06344555737069449
1 0.2908004721202129 0.023353060078315856 0.03871155575957417 0.04670612015663171
1 0.3243942221202129 0.02295301657532973 0.03714905575957417 0.04590603315065946
1 0.357461813635482 0.019482524459114442 0.04288887272903601 0.038965048918228884
1 0.7598385460474987 0.3300900502494091 0.14138975879399177 0.16548214247680565
6 0.28472607317837967 0.08460551044923587 0.04078423879011232 0.060211454597152804
6 0.316821096057197 0.08307872483003445 0.03973192182065048 0.06642508700597224
6 0.3525035045419279 0.08536727023288164 0.037914330305381404 0.06326371941479167
6 0.1575916802762864 0.7059187724170831 0.11626221303635713 0.1633377610179167
6 0.43828369982112375 0.7157606722089926 0.12292680121764618 0.14945709897381967
6 0.7240776786092965 0.701311086818541 0.12825203000581914 0.1573787017473613
6 0.19859764135578956 0.20357502241708314 0.1176018303053814 0.06511846656500016
3 0.4798636168099823 0.20638567220899265 0.13998701333591956 0.07187761284152785
3 0.7660562083252513 0.19660540302295076 0.14221919303247788 0.061012848023888996
3 0.7350766306049439 0.02132295402847192 0.042346738790112325 0.04264590805694384
3 0.7780453806049439 0.020041649649739264 0.04209164727484325 0.04008329929947853
3 0.8193878577261267 0.019577962862187166 0.045089101517208616 0.03915592572437433
5 0.7275672774207451 0.075857798349548 0.045726830305381404 0.06344555737069446
5 0.7687184359054762 0.07801905718326324 0.04027405575957417 0.053961454597152805
5 0.8092796630266588 0.07785474981256876 0.04145391848667046 0.04931032218833335
5 0.7455056237678062 0.5152281164538188 0.1305798045516262 0.1667900693385418
5 0.47091956725932593 0.3446123708222218 0.13032471303635712 0.1636650693385418
8 0.18357893498739217 0.3302466251906248 0.23329021637033703 0.18321646276527792
8 0.45607646194909535 0.5360004370266316 0.2258603536432407 0.18772212480937522
8 0.4174110274207451 0.08307676519888854 0.07461710485118864 0.0734751740119445
8 0.49853348166311057 0.08274815045749957 0.0723849251546305 0.08433993882958339
0 0.5811546630266589 0.08316441812493007 0.09024210485118864 0.07383884992375007
3 0.1695170796771616 0.5216165075994443 0.1484050333397989 0.17500261284152785