4 0.4896973508261559 0.5128410665977304 0.8404117898253498 0.629839518777813
5 0.7517508844066019 0.790927514560823 0.09851191106992552 0.04800224267981754
2 0.488015766620587 0.7846251599300033 0.09582342068857255 0.06046588001272681
1 0.2170038621740832 0.7854358713001378 0.12362103847458741 0.051418144016544785
6 0.7599949487419049 0.6666633112269594 0.10874506134007814 0.16213746801399936
3 0.48842004910472453 0.6612331132638668 0.13363593393541642 0.15930336935072642
5 0.2156819535512283 0.666749505967547 0.11940974282842394 0.15445223734881744
1 0.763653205998299 0.4948155832272777 0.12398811542376223 0.1513817813494537
5 0.4946130293192767 0.48388936326386683 0.12069942431676957 0.14665791868236297
6 0.220476124872773 0.4847364373010924 0.11159724282842384 0.15436133068109026
8 0.767765331040708 0.33233376456082303 0.21187006134007813 0.16333743602799872
8 0.5025495588081894 0.3237058412635487 0.2149404976377472 0.16181129869508962
8 0.23081096806401655 0.32296314330045606 0.21962799763774726 0.16186584269572588
2 0.8073337070946073 0.8988303738860962 0.04280754809323426 0.0629727146721816
6 0.6756571211597578 0.8902104465706863 0.03924603847458741 0.05043635200509087
6 0.6411729937550963 0.8937354359086861 0.03321429328391083 0.056613626670908704
6 0.609196307457427 0.8925456532463677 0.03299603847458741 0.0503636266709087
1 0.6733381638106966 0.9566166965706863 0.03946429328391084 0.05668635200509087
1 0.6382364775130274 0.9554632765754587 0.030198420688572546 0.059702264003818326
1 0.6053148501083656 0.9589700845799131 0.03644842068857255 0.05977498933799978
8 0.5490127756062616 0.8940268845878674 0.07131449400955017 0.07423747867599957
8 0.4718327167132542 0.8902393605983668 0.07293155771188112 0.07581816000954475
0 0.3930083122667504 0.8888137679424117 0.08397818511654283 0.07907042934436319
3 0.2510638597270125 0.9505972472947292 0.03968254809323426 0.06293635200509087
3 0.2111928278758471 0.9518421213001378 0.03655754809323426 0.06289998933799978
3 0.16981385972701252 0.9515426766390922 0.0427529843909034 0.06141021467218159
5 0.2540003759690813 0.8888694066279562 0.03779266587924912 0.05354317067154497
5 0.21566456226675043 0.8908773492998197 0.03968254809323426 0.06293635200509087
5 0.1751486896714122 0.8882250639720013 0.03946429328391084 0.056686352005090514