4 0.5078125 0.5246589334022695 0.81875 0.629839518777813
5 0.7796875 0.809072485439177 0.096875 0.04800224267981754
2 0.515625 0.7966248400699968 0.09375 0.06046588001272681
1 0.24453125 0.7911266286998621 0.121875 0.05141814401654461
6 0.78359375 0.6848991887730406 0.103125 0.16213746801399936
3 0.51171875 0.6731418867361332 0.128125 0.15930336935072642
5 0.2390625 0.672312994032453 0.1140625 0.15445223734881744
1 0.78125 0.5129969167727223 0.11875 0.1513817813494537
5 0.51171875 0.49579813673613315 0.115625 0.14665791868236297
6 0.2375 0.4902635626989076 0.10625 0.15436133068109026
8 0.7796875 0.35047873543917696 0.20625 0.16333743602799872
8 0.5140625 0.3356691587364513 0.209375 0.16181129869508962
8 0.2421875 0.32859935669954393 0.2140625 0.16186584269572588
2 0.8390625 0.9183571261139039 0.040625 0.0629727146721816
6 0.70703125 0.9066645534293137 0.0375 0.05043635200509087
6 0.67265625 0.9093895640913139 0.03125 0.056613626670908704
6 0.640625 0.9074543467536322 0.03125 0.0503636266709087
1 0.70703125 0.9723638137133843 0.0375 0.055272372573231365
1 0.671875 0.9706240457113161 0.028125 0.058751908577367826
1 0.6390625 0.9719774603755436 0.034375 0.0560450792489128
8 0.58046875 0.9075356154121327 0.06875 0.07423747867599957
8 0.503125 0.9019481394016331 0.0703125 0.07581816000954475
0 0.42421875 0.8986862320575882 0.08125 0.07907042934436319
3 0.284375 0.9572152527052709 0.0375 0.06293635200509087
3 0.24453125 0.9575328786998621 0.034375 0.06289998933799978
3 0.203125 0.9562698233609078 0.040625 0.06141021467218159
5 0.28515625 0.8955055933720437 0.0359375 0.05354317067154497
5 0.246875 0.8966226507001803 0.0375 0.06293635200509087
5 0.20625 0.8930249360279987 0.0375 0.056686352005090514