4 0.4921875 0.48125 0.81953125 0.61953125
5 0.2203125 0.2 0.096875 0.046875
2 0.484375 0.209375 0.09375 0.05859375
1 0.75546875 0.21171875 0.121875 0.05078125
6 0.21640625 0.32421875 0.103125 0.1609375
3 0.48828125 0.3328125 0.12890625 0.1578125
5 0.7609375 0.33046875 0.1140625 0.15234375
1 0.21875 0.49609375 0.11953125 0.15
5 0.48828125 0.51015625 0.11484375 0.1453125
6 0.7625 0.5125 0.10546875 0.15390625
8 0.2203125 0.65859375 0.20703125 0.16015625
8 0.4859375 0.6703125 0.21015625 0.159375
8 0.7578125 0.67421875 0.2140625 0.15859375
2 0.1609375 0.09140625 0.040625 0.0625
6 0.29296875 0.1015625 0.0375 0.04921875
6 0.32734375 0.0984375 0.03125 0.05546875
6 0.359375 0.1 0.03203125 0.05078125
1 0.29296875 0.03515625 0.03671875 0.05625
1 0.328125 0.03671875 0.02734375 0.06015625
1 0.3609375 0.03359375 0.03359375 0.05859375
8 0.41953125 0.09921875 0.06875 0.0734375
8 0.496875 0.10390625 0.0703125 0.07421875
0 0.57578125 0.10625 0.08046875 0.078125
3 0.715625 0.04609375 0.0375 0.06328125
3 0.75546875 0.0453125 0.03359375 0.06171875
3 0.796875 0.04609375 0.04140625 0.0609375
5 0.71484375 0.1078125 0.0359375 0.053125
5 0.753125 0.10625 0.03671875 0.0625
5 0.79375 0.109375 0.03671875 0.05625