4 0.5893551460698853 0.49099912727791717 0.6228835767831422 0.8099673328250006
5 0.35923455126333304 0.7578183788934377 0.060110551039618446 0.09342399810013884
5 0.6188533919207005 0.4994844277147575 0.14578794191141178 0.112575348023889
5 0.32113332925871996 0.2344172464846183 0.0540973493799445 0.09640352773541672
5 0.22595180643820312 0.2750948382402433 0.05104228174358649 0.0355023953265972
5 0.22623522635429055 0.2376675734226043 0.046354781743586496 0.035393292553055566
5 0.2248969466852965 0.1994226910137849 0.04779888257342346 0.033867160144236144
6 0.4711309000185775 0.7627624116628476 0.15781434523075966 0.10661628875333343
6 0.4338225834079049 0.22924139684520867 0.14687684523075967 0.10636171561506957
6 0.2577536390209154 0.6844880220358335 0.05885478174358649 0.03568423328249999
6 0.25526725644749193 0.6516755220358336 0.05525618506293437 0.029361498100139015
6 0.2544025734591499 0.619680639627014 0.05080548340326043 0.032377395326597204
6 0.6279845512633331 0.7640736045764935 0.14938653859206372 0.11889808320625014
6 0.20000033860599692 0.6839236711621529 0.04912458423309749 0.030778527735416717
6 0.19751395603257343 0.6511111711621529 0.05369368506293446 0.029325130508958352
6 0.1980341742889869 0.6168089063445141 0.055492983403260476 0.03248649810013902
8 0.7771441016782515 0.7667654595342366 0.15589849295103003 0.20483558320625014
8 0.7635030410908634 0.504410929898959 0.14964849295103005 0.20469011284152785
8 0.5876104342377418 0.23126110457649354 0.1689904888018452 0.21293902393569458
0 0.7365807305034754 0.24174727573864643 0.1537206863123343 0.217262848023889
0 0.23853708465730472 0.41030563962701405 0.06841995850815116 0.07957970364722229
8 0.24689680416311804 0.5617954044446529 0.07372276514684702 0.06722517401194458
8 0.24680079316545595 0.4884851910137849 0.06759116431701004 0.06864220364722229
3 0.45412804109086347 0.49721014684520864 0.14865283278320493 0.1297992156150695
3 0.17198635685312164 0.273058906344514 0.06065408008391256 0.03884560087368065
3 0.16674182718412753 0.23472310495774318 0.061979781743586496 0.035756968464861136
3 0.16378184793005196 0.19566060495774318 0.06221658008391255 0.03888196846486114
2 0.34672993818643405 0.5001695330537503 0.056867151869455415 0.09178876291777768
2 0.2651778205593649 0.8133397206490626 0.06545997925407558 0.04051720364722229