4 0.4499111799325924 0.5662164985621916 0.5671360831306049 0.8526894737146467
5 0.6991061622731991 0.31844420142663826 0.05366133118569749 0.09745886696193881
5 0.42095947813719425 0.5555357547740778 0.1381363251355733 0.1230185380191358
5 0.700588932564871 0.8417266612218753 0.04742951190385671 0.09996370614288708
5 0.7987764476901814 0.8085254441219385 0.04863748789975162 0.03918124634765015
5 0.7958696163080923 0.8457153637124126 0.043949987899751616 0.03871612573336165
5 0.7945298301055429 0.8838415735076499 0.0455033975406721 0.03730866593812436
6 0.5873737767345796 0.3050150767860903 0.15059996369925485 0.1180088596572391
6 0.5873531343602691 0.8382987463765644 0.13966246369925486 0.11692357822389851
6 0.7956135236113215 0.3990729240195571 0.05644998789975162 0.039956447371464685
6 0.7958044211519935 0.4318854240195571 0.05328862646343317 0.03339636696193882
6 0.7944282735131257 0.4637616338147941 0.048619307181592394 0.036056246347650145
6 0.43035616227319906 0.2917772862074181 0.14129768657189173 0.12957861842866175
6 0.8534214784317818 0.4040281615957847 0.047038626463433174 0.03277620614288725
6 0.8536123759724538 0.43684066159578466 0.05172612646343318 0.03324132675717593
6 0.8506873638722056 0.4709055811862589 0.05330680718159257 0.03652136696193899
8 0.28114195745273884 0.27775219665256046 0.14179765632127062 0.21551611842866167
8 0.2764191377781146 0.5396320358335089 0.1355476563212707 0.21489595760961003
8 0.4334559747193487 0.8245897862074181 0.15434310811666876 0.22456894006676506
0 0.2849775681034904 0.802829716754942 0.13874537919390767 0.2277060380191358
0 0.7956463816297946 0.6731366338147942 0.06295451795398073 0.08432660819051634
8 0.7978896167990717 0.52188421422432 0.06913179508134401 0.0724467690095679
8 0.7928481136758136 0.5947790735076499 0.06289088544042354 0.07338910819051633
3 0.5857941377781145 0.5703299963765646 0.1397988190854491 0.1403610782238987
3 0.8526872428697214 0.8146555811862589 0.05803975897699019 0.04479898757622749
3 0.8552537066671719 0.8531693914934031 0.05958407825883114 0.0418290277809902
3 0.8554809656441623 0.8922318914934031 0.05959316861791066 0.0433915277809902
2 0.693574821521336 0.5755590205052051 0.05052724082661779 0.09558628655241304
2 0.7972073189872532 0.27039923432670143 0.06272725897699054 0.045264108190516336