4 0.521875 0.553125 0.796875 0.56171875
5 0.24921875 0.30234375 0.0921875 0.053125
5 0.5140625 0.58203125 0.11015625 0.1375
5 0.77265625 0.30390625 0.0953125 0.04609375
5 0.7296875 0.20546875 0.034375 0.0484375
5 0.7671875 0.20859375 0.03359375 0.04453125
5 0.80546875 0.21015625 0.0328125 0.0453125
6 0.246875 0.4140625 0.10390625 0.15078125
6 0.78046875 0.4171875 0.103125 0.1390625
6 0.3203125 0.20625 0.03359375 0.05546875
6 0.353125 0.20625 0.02890625 0.05234375
6 0.38515625 0.2078125 0.03046875 0.0484375
6 0.24921875 0.57109375 0.11640625 0.13984375
6 0.31953125 0.1484375 0.02890625 0.04765625
6 0.35234375 0.1484375 0.02734375 0.0515625
6 0.38671875 0.1515625 0.03125 0.05234375
8 0.25 0.7203125 0.2015625 0.13984375
8 0.5125 0.7265625 0.2015625 0.134375
8 0.78203125 0.57109375 0.20859375 0.153125
0 0.775 0.71953125 0.2140625 0.13828125
0 0.59453125 0.2078125 0.07890625 0.06328125
8 0.44296875 0.2046875 0.06640625 0.06875
8 0.51640625 0.21015625 0.0671875 0.06171875
3 0.5125 0.4171875 0.1265625 0.1390625
3 0.73046875 0.1515625 0.03828125 0.0578125
3 0.76875 0.14921875 0.03515625 0.06015625
3 0.8078125 0.14921875 0.03671875 0.06015625
2 0.50703125 0.309375 0.08984375 0.04921875
2 0.19140625 0.20390625 0.0390625 0.06328125