4 0.5462332057859639 0.5877129167329515 0.9075335884280722 0.5443565521164493
5 0.24768410550497366 0.34465107069540774 0.10558366249848908 0.05428860534690845
5 0.5353294588103754 0.468163485399406 0.12843457867300428 0.12322041868236297
5 0.8369504814164255 0.6207094194382223 0.1356699308786201 0.13266814401654478
5 0.263064900167181 0.5875016420273624 0.13534148014341482 0.1295431440165448
5 0.7497088408008689 0.28806909476445003 0.04242676102807863 0.04731135200509069
5 0.7887713408008687 0.2885236281030862 0.042098310292873364 0.04418635200509069
5 0.8286972034846702 0.289768502108495 0.04226253566047582 0.04574885200509069
6 0.25140961708294524 0.4469130046944533 0.12752898014341482 0.12945223734881744
6 0.27870854593521804 0.7289169826941351 0.12316993087862001 0.13252269334818118
6 0.5621755883978534 0.7532833727323152 0.12251302940820956 0.12627269334818117
6 0.8466725779196678 0.7651770347708133 0.12941993087862008 0.13259541868236296
6 0.31447283712484275 0.26739877470558915 0.04086426102807863 0.04729317067154524
6 0.3519728371248427 0.2678351267106798 0.036012535660476 0.04567612667090888
6 0.38314072444104136 0.2674175033815887 0.03650521176328381 0.05036362667090888
2 0.18042864686782306 0.2541346113542263 0.042755211763283854 0.05043635200509069
2 0.5207485599162051 0.3665555320655424 0.10903711323369425 0.057449968013999354
1 0.550356079946015 0.611132235399406 0.13904362793779904 0.12022268801718106
1 0.8224986490673951 0.4832094194382225 0.14126302940820956 0.12649086935072643
1 0.3090135231559431 0.20803286537236185 0.03412158492527073 0.042532945337363424
1 0.34441611120734705 0.21078569537713437 0.0355198595576681 0.04098862667090888
1 0.37825619925875104 0.21352034404836143 0.0381521834548602 0.03633748933799978
3 0.8038472748056222 0.3799935127704952 0.13995866249848915 0.054688594684908234
3 0.7424805656185784 0.23414466343090462 0.0417698595576681 0.04106135200509069
3 0.7825706536699825 0.23695203743631343 0.04193408492527055 0.04262385200509069
3 0.8256215163537839 0.2382332741088132 0.04398926102807863 0.04732953333863606
8 0.4440782244410414 0.268126575389861 0.08091211323369443 0.05712270401018138
8 0.5247933124924453 0.2714066640674514 0.07877246543930987 0.06646134134309048
0 0.6065359885952532 0.27703959341181456 0.0888043669097204 0.0728204293443631