4 0.48828125 0.5307108226241815 0.8578125 0.6245347268138381
5 0.21171875 0.319934962689845 0.1 0.06363542352656762
5 0.48671875 0.41134379799178405 0.115625 0.13402767720259376
5 0.77265625 0.5305093057205047 0.121875 0.14405957867300428
5 0.2015625 0.5639711775792622 0.121875 0.1409345786730043
5 0.7203125 0.20397960553519243 0.0375 0.050816408822462834
5 0.759375 0.19987397134512694 0.0375 0.04769140882246288
5 0.79921875 0.19646747447126015 0.0375 0.04925390882246283
6 0.2046875 0.42301772684405686 0.1140625 0.1401134518349913
6 0.20234375 0.7052953148954607 0.109375 0.14274577573218322
6 0.48359375 0.6968284987269893 0.109375 0.13649577573218324
6 0.7671875 0.6756153445071138 0.115625 0.14340267720259375
6 0.28671875 0.23392714504491935 0.0359375 0.0506521834548602
6 0.32421875 0.2299857362224565 0.03125 0.04859700735205239
6 0.35546875 0.2259199788704041 0.03125 0.05328450735205239
2 0.15390625 0.236167551291142 0.0375 0.05394140882246283
2 0.4828125 0.3101918614107906 0.103125 0.06708887426177287
1 0.48671875 0.5543125479917841 0.1265625 0.1320522547758122
1 0.77265625 0.39300930572050463 0.128125 0.13846648014341484
1 0.2875 0.174470032361118 0.0296875 0.045307781984449756
1 0.32265625 0.17311871159005907 0.03125 0.04390950735205239
1 0.35625 0.17193161618660277 0.034375 0.039550458087257656
3 0.76484375 0.2907054325585178 0.134375 0.06724838161382526
3 0.71875 0.15023758090279504 0.0375 0.04456640882246288
3 0.75859375 0.14839358402892827 0.0375 0.04612890882246288
3 0.8015625 0.1446586364198562 0.0390625 0.05098063419006551
8 0.41640625 0.2195151895339019 0.075 0.06413281764492576
8 0.496875 0.21340133310236703 0.071875 0.07317936690972049
0 0.578125 0.20954911398703083 0.08125 0.0804147191153362