4 0.48828125 0.58203125 0.8578125 0.53359375
5 0.21171875 0.3421875 0.10078125 0.05390625
5 0.48671875 0.4625 0.11640625 0.12109375
5 0.77265625 0.61171875 0.12109375 0.13203125
5 0.2015625 0.58515625 0.121875 0.12734375
5 0.7203125 0.2796875 0.03671875 0.046875
5 0.759375 0.2796875 0.03671875 0.04296875
5 0.79921875 0.28046875 0.03671875 0.0453125
6 0.2046875 0.44453125 0.1140625 0.12890625
6 0.20234375 0.7265625 0.109375 0.13046875
6 0.48359375 0.74765625 0.11015625 0.12421875
6 0.7671875 0.75625 0.11484375 0.13125
6 0.28671875 0.2640625 0.0359375 0.046875
6 0.32421875 0.2640625 0.03046875 0.0453125
6 0.35546875 0.26328125 0.03203125 0.05
2 0.15390625 0.25234375 0.03828125 0.05
2 0.4828125 0.3609375 0.10390625 0.05625
1 0.48671875 0.60546875 0.1265625 0.11953125
1 0.77265625 0.47421875 0.12734375 0.12578125
1 0.2875 0.2046875 0.0296875 0.0421875
1 0.32265625 0.20703125 0.03046875 0.03984375
1 0.35625 0.209375 0.03359375 0.0359375
3 0.76484375 0.37109375 0.13515625 0.05234375
3 0.71875 0.22578125 0.0375 0.04140625
3 0.75859375 0.228125 0.0375 0.0421875
3 0.8015625 0.22890625 0.0390625 0.04765625
8 0.41640625 0.26328125 0.07421875 0.05703125
8 0.496875 0.265625 0.07265625 0.065625
0 0.578125 0.2703125 0.08203125 0.071875