4 0.4122071606755854 0.4859375 0.7228924731378118 0.8421875
5 0.7326813007412489 0.209375 0.07366732499697815 0.10625
2 0.685067512881201 0.4765625 0.07301042352656761 0.1
3 0.6465425101317361 0.75390625 0.07349838161382535 0.134375
6 0.6080918641602555 0.20546875 0.15680827573218342 0.109375
5 0.5586293614107906 0.4828125 0.15310612793779904 0.11875
1 0.5293151332937229 0.76171875 0.15063802940820956 0.125
0 0.44115070221165953 0.203125 0.19535922756717455 0.2234375
0 0.3921409987269893 0.48359375 0.1905075021995719 0.221875
5 0.355877633293723 0.76171875 0.17358285330540174 0.1203125
2 0.2756899275792621 0.2015625 0.15187207867300428 0.121875
6 0.22622742482979713 0.47890625 0.1547530996293755 0.1046875
6 0.1870032847641335 0.75546875 0.15541000109978595 0.1109375
2 0.8406485900777512 0.1484375 0.0636448595576681 0.040625
1 0.883063782361118 0.2875 0.05969873271965511 0.0328125
1 0.8805605250090658 0.31875 0.05937028198444949 0.0296875
1 0.8746859296056094 0.35234375 0.054682781984449494 0.0296875
6 0.8183842577287205 0.2859375 0.05065218345486002 0.0359375
6 0.8162516869576617 0.32109375 0.0532845073520523 0.03125
6 0.8114046796056094 0.35234375 0.05048795808725757 0.034375
8 0.8035195029529085 0.4125 0.0763043669097204 0.071875
8 0.7895110338375723 0.49375 0.07646859227732321 0.0734375
0 0.7826980400898387 0.5734375 0.08181299374773357 0.0796875
3 0.8149569823732055 0.7125 0.0730198595576681 0.040625
3 0.8120853974479347 0.7546875 0.07269140882246283 0.0375
3 0.8099129498388628 0.79765625 0.0792698595576681 0.040625
5 0.7548828450570069 0.71171875 0.0511448595576681 0.040625
5 0.7513121228155375 0.753125 0.0558323595576681 0.040625
5 0.7460967878902667 0.7953125 0.05706640882246283 0.0375