4 0.5221491042987758 0.45131631250159676 0.8532605568138381 0.6539771316463202
5 0.8037981193130141 0.7362854988626382 0.10734094155801373 0.06497299620027785
2 0.536269700076135 0.7229731069545136 0.10109094155801372 0.06482752583555573
3 0.2587623088424329 0.7200533543890624 0.13541139448011297 0.06250261284152785
6 0.8055224861969869 0.6111945798846868 0.11191143912238175 0.147858231382639
5 0.5278241801906326 0.5973373273192356 0.1212046185055307 0.14338893692972227
1 0.24891793019063257 0.6038289423449651 0.12740007142762994 0.14040940729444457
0 0.8049479675293008 0.443952528497916 0.22643758928453722 0.17707556553881965
0 0.5241382982924214 0.43094926111482595 0.22479326866768634 0.172351697947639
5 0.24589056736714485 0.4303914423449651 0.12312167451188501 0.16373780452090295
2 0.8036194724005646 0.27829116090673545 0.12430234496658024 0.14189917211208342
6 0.5259211663942102 0.2644339083412843 0.10719666558343129 0.14618662860909729
6 0.24918138839103293 0.26071472198024287 0.11344666558343128 0.1463320989738195
2 0.8665083993447862 0.8364296628065965 0.04166139448011279 0.060320557370694416
1 0.7284413835164737 0.896697628421666 0.03379434740221221 0.05701371941479181
1 0.6972050202859489 0.8982062302452771 0.03066934740221221 0.05694098423243048
1 0.6635703599775233 0.8966443834556592 0.030587526785361162 0.05225348423243048
6 0.7288720316500346 0.8318175108304855 0.036755706168510115 0.04771145459715278
6 0.6937430551889849 0.8341982816320481 0.033685253246410876 0.05076371941479181
6 0.6624657816500346 0.8333631334556593 0.036755706168510115 0.04771145459715313
8 0.6022822581110843 0.8332007857161106 0.07307503571381488 0.07042290919430556
8 0.5209368007247581 0.8296231504574996 0.07463753571381489 0.07045927678548622
0 0.4412765742637085 0.8330403976077079 0.08096935633066593 0.07529224715020852
3 0.30303228043221864 0.8831521132227775 0.041825035713814976 0.06969555737069441
3 0.26087205397116897 0.8856965381846524 0.03870003571381497 0.06962282218833309
3 0.21794421427959448 0.8890403969421179 0.04193412986961631 0.07594555737069442
5 0.30276349918263057 0.8229776794271872 0.0414432061685102 0.04782055737069442
5 0.26137088595210567 0.824722670593472 0.041525026785361165 0.052508057370694416
5 0.21916974918263055 0.8249233455553471 0.03842730032431154 0.05399782218833345