4 0.4859375 0.53671875 0.8421875 0.63359375
5 0.209375 0.2453125 0.10546875 0.06328125
2 0.4765625 0.26484375 0.1 0.0625
3 0.75390625 0.27421875 0.13359375 0.06015625
6 0.20546875 0.3703125 0.10859375 0.1453125
5 0.4828125 0.390625 0.11875 0.140625
1 0.76171875 0.390625 0.12421875 0.1375
0 0.203125 0.5375 0.2234375 0.171875
0 0.48359375 0.55703125 0.22109375 0.1671875
5 0.76171875 0.5640625 0.1203125 0.1609375
2 0.2015625 0.703125 0.12109375 0.1390625
6 0.47890625 0.7234375 0.1046875 0.14453125
6 0.75546875 0.73359375 0.1109375 0.14453125
2 0.1484375 0.14375 0.04140625 0.059375
1 0.2875 0.08671875 0.0328125 0.05703125
1 0.31875 0.0859375 0.0296875 0.05546875
1 0.35234375 0.08828125 0.0296875 0.0515625
6 0.2859375 0.1515625 0.0359375 0.046875
6 0.32109375 0.15 0.03203125 0.04921875
6 0.35234375 0.1515625 0.03515625 0.046875
8 0.4125 0.153125 0.07109375 0.06953125
8 0.49375 0.15859375 0.0734375 0.06796875
0 0.5734375 0.15703125 0.0796875 0.0734375
3 0.7125 0.11015625 0.03984375 0.06796875
3 0.7546875 0.10859375 0.0375 0.06875
3 0.79765625 0.10625 0.03984375 0.07578125
5 0.71171875 0.1703125 0.03984375 0.04765625
5 0.753125 0.16953125 0.040625 0.0515625
5 0.7953125 0.1703125 0.0375 0.053125