2 0.8646984453288662 0.17651990669988696 0.05381527894826057 0.037579145588778305
2 0.7044045589575255 0.48155546499630664 0.07238504091140215 0.09306768198597286
1 0.9035152972395789 0.2950405667866347 0.055030935407509675 0.03455427513842757
1 0.894664822717257 0.32585977021040735 0.04687159186675842 0.030928627390180985
1 0.8904151373097475 0.35715983498523196 0.05485751363713405 0.03299177513842757
6 0.7486458551360998 0.2367040399501641 0.06075214976327956 0.10007914558877831
6 0.8417098363543911 0.2997769339977829 0.053468435407509673 0.03445414558877822
6 0.8359843618320694 0.33039587832225686 0.05138567009638315 0.029666516039128954
6 0.8302588873097475 0.36101482264673085 0.057982513637134046 0.03319203423772628
6 0.5448876624196329 0.751635032392025 0.17030057153365502 0.10865071406423077
6 0.4682629639879773 0.24691485888704187 0.16387714976327955 0.10668769586563354
5 0.635971581332414 0.23849468229973989 0.14929268038553242 0.11506140036914028
5 0.41768666099083573 0.5069104225821324 0.14877241507440608 0.11037390036914019
5 0.381259568878882 0.7652235703303789 0.17775429952655922 0.20376295496493207
5 0.3103637531027895 0.25780919340162334 0.16212929952655922 0.20276165946843888
5 0.2560546218760235 0.5164925809708372 0.16820587775618367 0.2015996776670363
3 0.5833116609908358 0.49629669031930435 0.16352689808928728 0.13148743676633484
5 0.6663274039270736 0.7337688070690273 0.057973993304030455 0.1030038864894797
5 0.7733543937605218 0.692004006792172 0.0453090918667586 0.03082849784053181
5 0.7711016148122614 0.7262788772425227 0.048780935407509676 0.03415375693983034
5 0.7660715314380621 0.7646101920173474 0.047391857177884945 0.03561612739018116
3 0.8318614328753341 0.6890303986803226 0.057287122489011466 0.04090440468807692
3 0.8278727321566981 0.7249678986803225 0.056593435407509676 0.03465440468807692
3 0.8215402814380621 0.7610555930047964 0.055204357177884945 0.03611677513842757
0 0.22448759950113484 0.7659616548449605 0.172544830148812 0.21273743676633483
0 0.7992070180461232 0.5639092851698021 0.07030397966689642 0.07431768198597286
8 0.8225399144614182 0.41658370219638013 0.072561870815019 0.06670544108527139
8 0.809961723909334 0.4879778408453282 0.072561870815019 0.06670544108527139
4 0.4450304109908358 0.5051581554632693 0.7032064021728575 0.8005888016611312