2 0.23359375 0.109375 0.034375 0.05
2 0.53046875 0.23671875 0.0890625 0.06171875
1 0.35546875 0.05703125 0.03203125 0.0515625
1 0.3859375 0.0625 0.028125 0.04375
1 0.4171875 0.06328125 0.0296875 0.0515625
6 0.28671875 0.21953125 0.09609375 0.05
6 0.35625 0.11875 0.03046875 0.05
6 0.38671875 0.12109375 0.0265625 0.0484375
6 0.4171875 0.1234375 0.0296875 0.0546875
6 0.7921875 0.3671875 0.09765625 0.16015625
6 0.27890625 0.50078125 0.09609375 0.15234375
5 0.28125 0.3328125 0.10625 0.1375
5 0.5375 0.52265625 0.1015625 0.1375
5 0.7953125 0.53046875 0.19453125 0.15703125
5 0.2796875 0.65859375 0.19296875 0.140625
5 0.53671875 0.684375 0.1921875 0.14765625
3 0.5375 0.35703125 0.12109375 0.15078125
5 0.78203125 0.246875 0.09921875 0.046875
5 0.746875 0.14375 0.028125 0.0421875
5 0.78125 0.1421875 0.03046875 0.0453125
5 0.81953125 0.14296875 0.0328125 0.04375
3 0.74765625 0.08515625 0.0375 0.053125
3 0.78359375 0.08515625 0.03203125 0.053125
3 0.81953125 0.0875 0.0328125 0.0515625
0 0.7859375 0.68828125 0.203125 0.14921875
0 0.61953125 0.13203125 0.0703125 0.06328125
8 0.47265625 0.125 0.06328125 0.06484375
8 0.54375 0.1296875 0.0625 0.06484375
4 0.5375 0.4953125 0.7609375 0.61875