2 0.14060366163334903 0.7593971815245475 0.05140067391627658 0.037579145588778215
2 0.2558506823564146 0.4543616232281279 0.06612901878308027 0.09306768198597286
1 0.0832938859301865 0.6408765214377998 0.05283583992388783 0.03455427513842757
1 0.08752112950439586 0.6100573180140272 0.044896005931499026 0.030928627390180985
1 0.08702903958050803 0.5787572532392025 0.05277217292769345 0.03299177513842757
6 0.24859523376273973 0.6992130482742704 0.05394735376405233 0.10007914558877821
6 0.14498080243208927 0.6361401542266516 0.05127333992388783 0.03445414558877822
6 0.14608304600629868 0.6055212099021776 0.04951983893530465 0.029666516039128864
6 0.14718528958050803 0.5749022655777036 0.05589717292769345 0.03319203423772628
6 0.3756552104938541 0.18428205583240953 0.16332235376405232 0.10708821406423072
6 0.5301635687437116 0.6890022293373926 0.15707235376405215 0.10668769586563336
5 0.36209931824942004 0.6974224059246946 0.1418293557412186 0.11506140036914018
5 0.5415016808735399 0.42900666564230205 0.14163835475263548 0.11037390036914019
5 0.5388091265014653 0.17069351789405546 0.16414470752810467 0.2037629549649321
5 0.6879442352456145 0.6781078948228111 0.14851970752810467 0.20276165946843888
5 0.7032522643716371 0.4194245072535974 0.15470604053191012 0.2015996776670363
3 0.3758766808735399 0.43962039790513013 0.15496602570316256 0.13148743676633484
5 0.2557565459691176 0.20214828115540726 0.050949687756441084 0.1030038864894796
5 0.15406405338349144 0.24391308143226248 0.043333505931499074 0.030828497840531634
5 0.1511008794672148 0.20963821098191177 0.04658583992388783 0.03415375693983034
5 0.15032228806045222 0.1713068962070871 0.045087006920082204 0.03561612739018098
3 0.09543846988539423 0.24688668954411203 0.05465300790866541 0.04090440468807692
3 0.09397412897292323 0.21094918954411201 0.05439833992388783 0.03465440468807692
3 0.09485353806045223 0.17486149521963804 0.052899506920082204 0.03611677513842757
0 0.6970036284786316 0.16995543337947402 0.15827670950527092 0.21273743676633483
0 0.14753416357333432 0.3720078030546324 0.06536501482874764 0.07431768198597286
8 0.14648761121560713 0.5193333860280542 0.06817167984777565 0.06670544108527139
8 0.1482782628887623 0.4479392473791064 0.06817167984777565 0.06670544108527139
4 0.5141579308735398 0.43075893276116517 0.6497558271466687 0.8005888016611312