4 0.48791599558898585 0.4948189443869895 0.6467774977366924 0.8489454788530904
6 0.6259704370188441 0.21061877529609463 0.14627521370395283 0.11846842531467221
6 0.4595043905460317 0.49148137944992387 0.15828389077317445 0.11004061867597628
6 0.30919893260783005 0.7664132923170415 0.1398614393936934 0.1148698286340201
6 0.8457716819304615 0.2739671898135973 0.05492651741285428 0.03840057178554286
6 0.8467100621881862 0.3068388893986788 0.054680855947465544 0.03371307178554286
6 0.8483478052907814 0.3380888893986788 0.05928646879233561 0.03250576929603195
6 0.30495857417397393 0.23651230476459606 0.14274077792830414 0.11041912697434615
5 0.7496945420617983 0.2067339908532157 0.06165455223856355 0.10738737012586883
5 0.7469225033909019 0.4681334321399275 0.07399077792830404 0.10520956348717299
5 0.47046398122834904 0.7604681777902499 0.1465208751693421 0.12315592531467204
5 0.8507379794193268 0.6830228811003091 0.05040279172311415 0.04117037427505377
5 0.8496601582975707 0.7223221794406351 0.06117651741285428 0.038874168466194806
5 0.8493226435982496 0.7607810281958797 0.052129066033373306 0.0444137734452168
2 0.8420181608995623 0.14248039147327124 0.05032090456798457 0.039607874275053766
1 0.9035841819304615 0.26958642051756543 0.06101274310259512 0.03574916846619489
1 0.9060441186106214 0.30155847093248395 0.05147396879233561 0.0319137734452168
1 0.9061603052907813 0.33370812010264694 0.05459896879233561 0.03215057178554277
8 0.8466901300305821 0.3962565869091679 0.0706267605154494 0.07071616431701004
8 0.8444116570543752 0.47251143358981995 0.07235303482570928 0.07395956348717299
0 0.8452991276557331 0.549310731930146 0.06971935775648745 0.08309776514684693
3 0.9109351729968918 0.6792457630490326 0.056734678878243724 0.043206470955705886
3 0.9090351582975706 0.7178230109744402 0.05196529172311415 0.041288773445216795
3 0.908820474330944 0.7586256097296846 0.06142217887824373 0.0435616684661948
0 0.6236078341235967 0.47983071658280635 0.16722287878738662 0.22121491701630233
2 0.303172503390902 0.5017587964662262 0.14323210085908258 0.11979412697434615
1 0.6306611748059139 0.74911351284854 0.1482471494796016 0.12639932448483507
0 0.7459995697629598 0.7348832242564762 0.08597287878738662 0.2150581601678251
5 0.4649919934412793 0.22203263982288607 0.14964587516934208 0.12339272365499827