4 0.5288971050546524 0.49860451209732926 0.6233804418668061 0.834815329035214
6 0.37020721039364524 0.7632767644721785 0.14313436379145844 0.1151823439616777
6 0.5568948184855205 0.5055472308896649 0.15541615824437507 0.10646244120271575
6 0.7270670738038539 0.25164538217828875 0.13681162860909737 0.11172979534115868
6 0.15643695754385362 0.6722888370642727 0.05392508700597225 0.03715916327441171
6 0.1579819269586453 0.6395172806418377 0.05381598423243057 0.03247166327441171
6 0.15870927878225644 0.6082672806418377 0.05846711664125 0.0311548247398008
6 0.6913373279848258 0.7785420748513424 0.13982752583555574 0.10720606965141818
5 0.24689699696277714 0.7513389292169281 0.058650261017916705 0.10607293758467087
5 0.2693584508943399 0.49204249434579045 0.07107752583555564 0.1036030348257091
5 0.5662750441685762 0.2369610051999243 0.14324346656499998 0.1198698439616777
5 0.18233514884197896 0.2653361521931351 0.04931032218833335 0.04003850180902226
5 0.18636933862149288 0.2264374265033946 0.06017508700597225 0.03748671189493056
5 0.18960409460541652 0.18827900723608923 0.050945557370694464 0.04324538896415202
2 0.1502570798846868 0.8033750627540132 0.04927395459715278 0.03847600180902226
1 0.09862445754385361 0.6692590123244718 0.060138719414791694 0.03592421189493074
1 0.09858874316305502 0.6371868187469071 0.05065461664125002 0.030745388964152198
1 0.10089677878225645 0.6052374559020368 0.05381598423243057 0.03247166327441171
8 0.16474237965593705 0.5507004421072269 0.06871493882958339 0.06914614767057933
8 0.17275620782819406 0.4752467407277458 0.0703501740119445 0.0723530348257091
0 0.17766321979604133 0.3988480150380053 0.06744337955902786 0.08156426051544959
3 0.12219708263756923 0.26140224672063966 0.05556032218833336 0.04036605042954129
3 0.12699433862149287 0.22332571460846404 0.050872822188333354 0.04012038896415202
3 0.13028364599218736 0.1828235453411587 0.06028418977951393 0.042174211894930556
0 0.39285050228111074 0.49616782960104083 0.16112325721819457 0.21756371551297526
2 0.7131084508943399 0.51529844640264 0.140045731382639 0.11658106965141819
1 0.4061369779641665 0.22778632179912472 0.14487870174736112 0.12307673111680746
0 0.29038469139503453 0.2271954223195231 0.07987325721819456 0.21330558344622813
5 0.5311265265980549 0.7724923914505428 0.14636846656500016 0.12003361827193722