4 0.5296875 0.53984375 0.803125 0.6046875
6 0.25703125 0.3875 0.1078125 0.140625
6 0.52421875 0.56796875 0.0984375 0.153125
6 0.78671875 0.73203125 0.1046875 0.134375
6 0.33671875 0.171875 0.03359375 0.05234375
6 0.36953125 0.17265625 0.0296875 0.05390625
6 0.40078125 0.17265625 0.02890625 0.0578125
6 0.25859375 0.70859375 0.1 0.1375
5 0.2625 0.2640625 0.103125 0.05703125
5 0.52265625 0.28046875 0.1 0.06953125
5 0.79296875 0.57109375 0.11328125 0.13984375
5 0.74453125 0.18828125 0.03671875 0.0484375
5 0.78359375 0.19140625 0.03359375 0.05859375
5 0.821875 0.19375 0.03984375 0.05078125
2 0.20546875 0.16875 0.0359375 0.0484375
1 0.33671875 0.1140625 0.03203125 0.059375
1 0.36875 0.11328125 0.02734375 0.05078125
1 0.40078125 0.11484375 0.02890625 0.05234375
8 0.45859375 0.17734375 0.06640625 0.0671875
8 0.534375 0.18359375 0.06953125 0.06796875
0 0.6109375 0.18671875 0.07734375 0.065625
3 0.7453125 0.128125 0.03828125 0.0546875
3 0.78359375 0.13203125 0.03671875 0.05
3 0.82421875 0.134375 0.0390625 0.05859375
0 0.525 0.40390625 0.20859375 0.15703125
2 0.52265625 0.72421875 0.11015625 0.13828125
1 0.79375 0.4109375 0.11484375 0.1421875
0 0.78828125 0.2953125 0.209375 0.07421875
5 0.25625 0.5484375 0.11328125 0.14296875