1 0.3172335006763177 0.0415559577790424 0.030087489337999783 0.037146447171349115
1 0.34849259134309046 0.03941989496709597 0.02380112667090888 0.03343798460895982
1 0.3820590693427723 0.03394003369425356 0.031649989337999784 0.03729231281194643
1 0.316643702020999 0.12529557341963973 0.03501134667409058 0.057896544093141065
1 0.347893702020999 0.1223782606076933 0.03190452800763603 0.05916731281194645
1 0.3815965400222717 0.12861714933485086 0.027162484006999676 0.054042215890154476
1 0.779364067393361 0.3699110750840272 0.11713405068427178 0.14048155740420185
3 0.768026030712907 0.2692967017479098 0.12583634134309066 0.08354425124778571
4 0.5175645960773145 0.5218331855246758 0.8149395827498143 0.6879125361888152
2 0.18831016402768055 0.18654823876891874 0.03962612133990882 0.05208414101493304
6 0.31418232069540775 0.18261855470083438 0.03492044000636341 0.050084044093141065
6 0.3470130020289532 0.18111787624829062 0.030269302673454224 0.052771447171349094
6 0.38066129602958954 0.1826692649754482 0.0317590773392725 0.0466673128119464
8 0.4384737960295896 0.1772722362733473 0.06315452800763595 0.0620846256238929
8 0.5127652713637714 0.17659361834497453 0.06309998400699968 0.057397125623892854
0 0.5901272026973168 0.17093576913540712 0.07243862133990894 0.05514731946747675
3 0.7263277846912717 0.11364127558314148 0.03501134667409041 0.057896544093141065
3 0.7622289220241807 0.1071613658494031 0.03808180267345414 0.05350077537433569
3 0.7997471033577261 0.10522309047506737 0.034956802673454315 0.05320904409314107
5 0.7253470873647258 0.1637871412237388 0.036446577339272326 0.047104909733738376
5 0.7621022000318167 0.16348429866970177 0.033285214672181596 0.04368817845254376
5 0.7996112906985895 0.16076477329536604 0.03175907733927232 0.04666731281194645
2 0.23950104137490716 0.2842242882698044 0.08502952800763594 0.06412674459225531
2 0.5021828547103616 0.27534386064945443 0.09138861600890866 0.07408520715464464
6 0.23922032538986104 0.3945264039104018 0.10777723201781733 0.14116886356061792
3 0.5089879327259518 0.3896770809073638 0.12656359468490824 0.1460442512477857
5 0.2394668680776328 0.5501410195509991 0.10937609468490823 0.14443972920121517
5 0.5124140194143599 0.5496874652667666 0.11093859468490841 0.14458559484181244
5 0.7835441320814508 0.5275047766231312 0.11086586935072643 0.13833559484181243
6 0.24126682009863182 0.7048285195509991 0.10468859468490824 0.1440021322794232
8 0.5110798807685862 0.7038854465479611 0.20476132001909003 0.15958753327765188
6 0.7815651034372679 0.6934944407246245 0.10465223201781733 0.1408771322794232