1 0.9233833583625561 0.2893778386128161 0.03489319724005639 0.03068771034569897
1 0.9220566375835493 0.32065057066612745 0.031659103084255236 0.024346782132453625
1 0.923814006496117 0.3541761245061934 0.03492047077900686 0.03225021034569897
1 0.8398168819015066 0.2902476683171295 0.05528751785690744 0.03596624373179384
1 0.8392714111224997 0.32149766831712945 0.05679547077900686 0.03288670783841656
1 0.8293100300350673 0.3553642029568656 0.05202615016215546 0.0280628155185485
1 0.5442984614501065 0.7579880639357028 0.13170574188232517 0.11939852084968247
3 0.6460382394532838 0.7448766470052286 0.07405688311602728 0.1270913489046432
4 0.4215503027632388 0.49841213862545136 0.6266004196373258 0.8256344297960909
2 0.7928481988649094 0.16277353767574396 0.04911933847375849 0.040471887305303114
6 0.7828401789794072 0.2887821082088574 0.04747501785690744 0.03573892319868044
6 0.78070493466145 0.3216400723154801 0.05051819724005639 0.031142351411925784
6 0.7754310535740178 0.35537021463534807 0.04429547077900686 0.032522994985435004
8 0.7744219326328551 0.41318271463534806 0.057340941558013725 0.06413670783841656
8 0.7668764395327139 0.4875833210618389 0.05265344155801373 0.0640003155185486
0 0.7639638993546722 0.5649725351684615 0.04969208279171564 0.07328438730530315
3 0.8061087146965175 0.7003955581297151 0.05528751785690744 0.03596624373179384
3 0.8086064233006596 0.7362421299164698 0.050654564934808376 0.038954851411925874
3 0.8063893583658513 0.7737875940230924 0.050600017856907445 0.03582985141192587
5 0.7561359882354678 0.7002879095416409 0.04437729139585791 0.03721049498543501
5 0.7523700600701348 0.7370975877548862 0.041197744317957155 0.03399456677218975
5 0.7509342451353266 0.7746203198081976 0.04429547077900686 0.032522994985435004
2 0.6896316956184987 0.2157514366595296 0.05772277110331832 0.08601170783841647
2 0.6694247410748415 0.47870607772575635 0.06720686525911965 0.09253449247815268
6 0.5795027191574491 0.2173941561764286 0.13310460064862326 0.1100689849563052
3 0.5544855336885154 0.48751643956252344 0.13655688311602726 0.12890991316955064
5 0.42406124269639933 0.22035533478538535 0.13625687418757337 0.11172241316955063
5 0.394302010149565 0.4937390104913483 0.13628414772652384 0.11328491316955044
5 0.386445051141681 0.7649236887045936 0.13003414772652383 0.11310305674305994
6 0.26937374269639935 0.22485628134103078 0.13617505357072252 0.10703491316955063
8 0.2404503072274657 0.49509222499368233 0.14417056006354417 0.20721676959604132
6 0.2208882349890569 0.7658366340065978 0.13305005357072242 0.10694398495630537