1 0.31640625 0.07109375 0.0296875 0.03359375
1 0.34765625 0.071875 0.0234375 0.03203125
1 0.38125 0.06953125 0.03046875 0.03359375
1 0.31484375 0.1546875 0.034375 0.0546875
1 0.34609375 0.1546875 0.03046875 0.05703125
1 0.3796875 0.1640625 0.0265625 0.0515625
1 0.77421875 0.4421875 0.11640625 0.1296875
3 0.7640625 0.340625 0.125 0.071875
4 0.5109375 0.56953125 0.8078125 0.6125
2 0.1859375 0.20390625 0.0390625 0.0484375
6 0.31171875 0.21171875 0.034375 0.046875
6 0.34453125 0.21328125 0.0296875 0.05
6 0.378125 0.21796875 0.03203125 0.04296875
8 0.4359375 0.21796875 0.06171875 0.05703125
8 0.51015625 0.22421875 0.0625 0.0515625
0 0.5875 0.22578125 0.071875 0.0484375
3 0.72421875 0.18125 0.03515625 0.0546875
3 0.76015625 0.178125 0.03671875 0.05
3 0.79765625 0.1796875 0.03359375 0.05
5 0.72265625 0.23125 0.0359375 0.04296875
5 0.759375 0.234375 0.0328125 0.03984375
5 0.796875 0.23515625 0.03125 0.04375
2 0.2359375 0.30625 0.084375 0.05703125
2 0.4984375 0.321875 0.090625 0.06484375
6 0.234375 0.41640625 0.10625 0.13046875
3 0.50390625 0.43671875 0.125 0.13515625
5 0.2328125 0.571875 0.1078125 0.13515625
5 0.50546875 0.596875 0.109375 0.13515625
5 0.7765625 0.6 0.109375 0.128125
6 0.2328125 0.7265625 0.10390625 0.13359375
8 0.50234375 0.75078125 0.20234375 0.14140625
6 0.77265625 0.765625 0.103125 0.13203125