4 0.43415900399734475 0.42734375 0.8457830190384824 0.603125
2 0.674130899085269 0.69375 0.10527136696193899 0.053125
2 0.424338146899642 0.5578125 0.12114595760961003 0.134375
6 0.4161452119519497 0.671875 0.10432902778099055 0.059375
6 0.15964450471624897 0.65078125 0.10276652778099052 0.059375
6 0.7061890442021077 0.42578125 0.11707861842866159 0.140625
0 0.6876375438281983 0.58125 0.2226963596572391 0.15
3 0.4435158570687884 0.40390625 0.13926369883818754 0.14375
1 0.1792086988092731 0.390625 0.13208345760961002 0.134375
5 0.7229454842688726 0.27265625 0.12068083699532135 0.1296875
5 0.4608149378522235 0.2453125 0.11599333699532136 0.1296875
5 0.1957325785688937 0.23984375 0.12083587720008424 0.13125
3 0.1644859283329823 0.546875 0.13864353801913584 0.1375
6 0.5899835270042575 0.7859375 0.045586286552413036 0.05
6 0.5585724378233091 0.7796875 0.03902620614288725 0.046875
6 0.5258374579256906 0.77890625 0.04277136696193882 0.053125
8 0.47013009864236077 0.7734375 0.07182660819051634 0.0625
8 0.396298949154268 0.76953125 0.06901168860004211 0.065625
0 0.3223902795637938 0.76640625 0.08401652778099047 0.059375
5 0.19207052079237125 0.75703125 0.04464394737146469 0.05625
5 0.15480308109951563 0.7546875 0.04120886696193886 0.053125
5 0.11831689140665998 0.75234375 0.03933628655241304 0.05
3 0.11062425434233966 0.80625 0.04620644737146469 0.05625
3 0.18344159352328804 0.8125 0.04698164839527923 0.0640625
3 0.14632919403519531 0.80859375 0.03902620614288725 0.046875
1 0.5813545997351742 0.84140625 0.04308144737146478 0.05625
1 0.5511184100423187 0.8390625 0.03714152778099056 0.059375
1 0.5199459301447 0.83828125 0.041829027780990555 0.059375
2 0.7116320156732986 0.79609375 0.0462064473714646 0.05625