4 0.5234375 0.57265625 0.7859375 0.603125
2 0.25703125 0.30625 0.10078125 0.05390625
2 0.5203125 0.4421875 0.1078125 0.13515625
6 0.5171875 0.328125 0.0984375 0.059375
6 0.77578125 0.34921875 0.096875 0.05859375
6 0.2515625 0.57421875 0.10390625 0.14140625
0 0.2546875 0.41875 0.2078125 0.15
3 0.51640625 0.59609375 0.12578125 0.14453125
1 0.78203125 0.609375 0.11875 0.13515625
5 0.25 0.72734375 0.1078125 0.1296875
5 0.51484375 0.7546875 0.10390625 0.1296875
5 0.78046875 0.76015625 0.1078125 0.13125
3 0.78125 0.453125 0.12578125 0.13671875
6 0.33203125 0.2140625 0.03984375 0.04921875
6 0.3640625 0.2203125 0.034375 0.04765625
6 0.396875 0.22109375 0.03671875 0.05234375
8 0.453125 0.2265625 0.065625 0.0625
8 0.52734375 0.23046875 0.0625 0.065625
0 0.6015625 0.23359375 0.078125 0.059375
5 0.7328125 0.24296875 0.0390625 0.05546875
5 0.7703125 0.2453125 0.0359375 0.05390625
5 0.80703125 0.24765625 0.034375 0.04921875
3 0.809375 0.19375 0.040625 0.05546875
3 0.7359375 0.1875 0.04140625 0.0640625
3 0.7734375 0.19140625 0.03515625 0.04765625
1 0.33515625 0.15859375 0.0375 0.05546875
1 0.365625 0.1609375 0.03046875 0.059375
1 0.396875 0.16171875 0.03515625 0.05859375
2 0.209375 0.20390625 0.04140625 0.05546875