4 0.5114462647130453 0.43843586531006984 0.8351701624469307 0.6214178983638201
2 0.7995990663897338 0.7110427896063548 0.10433655575957416 0.05545252583555573
2 0.5252213354755291 0.5689773504924309 0.11878143515657005 0.13688436379145835
6 0.5376571757828502 0.683112585674792 0.10328423879011232 0.06166615824437507
6 0.277341558054784 0.65599999933441 0.10172173879011233 0.061629790653194405
6 0.7831937189554109 0.4432013261754868 0.11460411818710803 0.1430252610179167
0 0.7927595218400472 0.5985973409931257 0.22005689273291545 0.15483688962701408
3 0.5165643283485274 0.41516201947038234 0.1367342097023773 0.14665940729444457
1 0.24985518940863383 0.3956982789696877 0.12971893515657004 0.1371389369297223
5 0.7722567347072264 0.29011269376666726 0.11839879788366652 0.13219686379145842
5 0.5051809339486221 0.2566046370615629 0.11371129788366652 0.1320877610179167
5 0.23910952379690115 0.24495339656086826 0.11852634364130096 0.13375936379145842
3 0.26339101517208735 0.551966462765278 0.13622402667183914 0.14040940729444457
6 0.7321242660901712 0.8014846452296881 0.04470646424430509 0.050945557370694415
6 0.6995828330596332 0.7944891096104867 0.03820137272903601 0.04767508700597212
6 0.6667065601808159 0.7929441401956949 0.041836555759574165 0.053997822188333267
8 0.610010150029095 0.7861661569131949 0.0707268303053814 0.06402743882958344
8 0.5354725356350086 0.7805324463321185 0.06785692182065048 0.0670797036472223
0 0.4609986941197396 0.7756799857510419 0.08297173879011233 0.06119337955902786
5 0.3289834195739324 0.7632501080918752 0.04365414727484325 0.05715918977951393
5 0.2912921009374806 0.7600335359035418 0.04027405575957417 0.05396145459715278
5 0.2543820323010288 0.7568351475107988 0.038456464244305086 0.05080008700597212
3 0.2564386109394202 0.810686846124028 0.045216647274843244 0.057195557370694414
3 0.33038629396995833 0.8186461229095141 0.04585437606301603 0.06500805737069441
3 0.29256742957587206 0.8138670507211808 0.03820137272903601 0.04767508700597212
1 0.7335271404861973 0.856880660047327 0.04209164727484325 0.05712282218833344
1 0.7028670718497455 0.8538277420193061 0.036096738790112326 0.06010235182361114
1 0.6715532989709282 0.852319140195695 0.04078423879011232 0.06021145459715278
2 0.8556095635147958 0.8144957511373618 0.04521664727484307 0.057195557370694414