4 0.4656825820500238 0.4607315062810609 0.8861136783321456 0.7062035295083222
6 0.20246703441262853 0.1974766614965114 0.11274219468185845 0.06546074505632146
6 0.17703731100333647 0.487140095036651 0.12196454721387232 0.17036676634364484
6 0.44773840592519126 0.6619497988557078 0.11553253669052861 0.16680472376899794
6 0.7510802977079825 0.3030564920311029 0.11883954721387227 0.17014824505632137
6 0.2849371711455094 0.07733377027891727 0.04023015785015547 0.04949725544788164
6 0.3200934211455094 0.07487540579652825 0.031037168373499215 0.05196669158591125
6 0.35203366588383755 0.0741980626014627 0.03434417889684287 0.0553102128732347
2 0.15179844745386867 0.07886305531199564 0.042247684158514695 0.05741901609154339
5 0.19008188452556798 0.3166090737493275 0.12757751038216938 0.1598663089182919
5 0.4709755687546699 0.3164187775683843 0.1226169945971538 0.15485102698730663
5 0.7475142239034023 0.17725881653673506 0.10676521046687384 0.06971120248167453
1 0.2894041342432193 0.023615503518682752 0.03810621572854576 0.047231007037365505
1 0.32286137635071155 0.021605071277488234 0.03452618942018652 0.04321014255497647
1 0.35627311582736787 0.020430519358124583 0.03416216837349921 0.040861038716249166
1 0.7260454164485349 0.639376404283919 0.13373650512049765 0.1587408514929388
3 0.741896471554915 0.474095611709272 0.1443855787839034 0.18127141535490915
3 0.7130390553181416 0.02141994694617939 0.047663226251889415 0.04283989389235878
3 0.7545818132106493 0.017519232773999666 0.041140210466874015 0.03503846554799933
3 0.7958970579489775 0.017743289889143414 0.04757222099021767 0.03548657977828683
3 0.47613975284259746 0.18767641853387693 0.1355272472985769 0.08261539406758578
0 0.166290984850269 0.6582884753584819 0.2381355787839034 0.18782705397461327
8 0.45917497681658687 0.49230928821204606 0.23261362087727822 0.19989001139996637
8 0.41256164220631425 0.076968147498655 0.07606124203690498 0.0769009896084398
8 0.49124037905213463 0.07535673499373739 0.07569722099021767 0.07065098960843981
0 0.5718456369446424 0.06738606184515805 0.08534523677523324 0.07599405347041022
5 0.7118336001129395 0.06849010391560188 0.0403211631118273 0.05105975544788164
5 0.7499783422204317 0.06815696814588938 0.04059417889684287 0.05574725544788164
5 0.7898675948512677 0.06458957173251514 0.04675317363517095 0.054621798022528575