4 0.49453125 0.4953125 0.8484375 0.64765625
6 0.21484375 0.2125 0.11015625 0.0578125
6 0.20625 0.5015625 0.11171875 0.16328125
6 0.48828125 0.69609375 0.10703125 0.159375
6 0.771875 0.35703125 0.11015625 0.16328125
6 0.290625 0.09765625 0.0375 0.04609375
6 0.32578125 0.09765625 0.02890625 0.05
6 0.3578125 0.09921875 0.03046875 0.053125
2 0.15703125 0.08984375 0.0390625 0.0546875
5 0.209375 0.33125 0.11875 0.1515625
5 0.49140625 0.35078125 0.1140625 0.146875
5 0.7609375 0.23046875 0.103125 0.0625
1 0.29140625 0.034375 0.034375 0.0640625
1 0.325 0.03671875 0.03046875 0.05625
1 0.35859375 0.03984375 0.03203125 0.04921875
1 0.76640625 0.69296875 0.12421875 0.14921875
3 0.77265625 0.528125 0.13515625 0.171875
3 0.71640625 0.0578125 0.04296875 0.0671875
3 0.7578125 0.05546875 0.03671875 0.0625
3 0.79921875 0.05703125 0.04375 0.065625
3 0.4890625 0.221875 0.13203125 0.0734375
0 0.20546875 0.67265625 0.228125 0.171875
8 0.48984375 0.5265625 0.221875 0.184375
8 0.41875 0.10625 0.071875 0.07109375
8 0.49765625 0.11015625 0.071875 0.06640625
0 0.578125 0.1078125 0.08125 0.0703125
5 0.71875 0.11875 0.03671875 0.0484375
5 0.75703125 0.12109375 0.03671875 0.053125
5 0.796875 0.1203125 0.04296875 0.0515625