4 0.5363785024640102 0.45924006209725965 0.7012453454595814 0.8936714064759583
6 0.8012678130767817 0.15977638559448554 0.06482156847545255 0.11341764381548422
6 0.5116546005537104 0.17139585467190654 0.16970932757475107 0.12386310694082044
6 0.33519673426541285 0.4670300548077925 0.16618380937615385 0.11739458565349689
6 0.6924327475267645 0.726914245133196 0.1696091980251019 0.12230060694082034
6 0.9209678462347737 0.22752697828534804 0.04927810919158375 0.04077781930985207
6 0.9232207611018834 0.26268322828534807 0.05180233189368764 0.031621340597175515
6 0.9237109168696946 0.29482373892900976 0.05512759099298634 0.03496486188449897
2 0.9202192697397568 0.09338692506703936 0.05719073874123311 0.04288662252816074
5 0.682167359653009 0.1626114445127774 0.15917234577334832 0.12934828243518828
5 0.6807094933647114 0.4460084525585491 0.1541844571244006 0.12433300050420311
5 0.8182943406792195 0.7071266329965955 0.06910855027685514 0.10749542574646931
1 0.9755832429817278 0.22388317221704773 0.048833514036544304 0.03885468639013112
1 0.9774909504152827 0.2576408131825404 0.045018099169434576 0.035183383171822416
1 0.9785673430740129 0.29145308446986384 0.04286531385197421 0.03474634059717552
1 0.356144794102992 0.7449365335204691 0.15801036397194573 0.13548902179152655
3 0.5213890623015892 0.739659535614156 0.18048614126984147 0.14639367080279087
3 0.9765506674095615 0.6505220818719738 0.04689866518087697 0.04844820767745457
3 0.9803212634920644 0.6917644409064811 0.039357473015871135 0.041870425746469306
3 0.9799853504752687 0.7332799515501429 0.04002929904946271 0.048338947033792934
3 0.8094655490402374 0.434650699456456 0.08184838217054277 0.13638525025210163
0 0.34051078577888577 0.1825786451528665 0.18649391424880085 0.24014367080279087
8 0.5048281138150622 0.4567377749704943 0.19859339605020362 0.23476775595208466
8 0.9205847193060179 0.3562529118254876 0.0764809592838688 0.07690098960843983
8 0.9217350115633088 0.43543231343464195 0.0702309592838688 0.07646394703379293
0 0.9292354333702487 0.5157371724691493 0.07551923658176492 0.08616672896477802
5 0.9273095928386876 0.6571269969747814 0.05084060919158375 0.040887079953513705
5 0.9274190168050961 0.6955721379402741 0.055528109191583755 0.041214861884499146
5 0.9307535703211538 0.7353612576184432 0.054366127390181165 0.04735560124083733