4 0.51015625 0.528125 0.8515625 0.615625
3 0.22578125 0.25546875 0.134375 0.0640625
0 0.50390625 0.2578125 0.21640625 0.0625
5 0.778125 0.25703125 0.10390625 0.046875
5 0.22109375 0.53515625 0.11953125 0.140625
5 0.7328125 0.15234375 0.03828125 0.046875
5 0.7734375 0.1578125 0.03515625 0.05
5 0.8125 0.1546875 0.0390625 0.05
3 0.73359375 0.0953125 0.040625 0.05546875
3 0.7734375 0.09765625 0.03828125 0.05234375
3 0.81484375 0.09609375 0.040625 0.05
2 0.16328125 0.14140625 0.04140625 0.05390625
2 0.50546875 0.546875 0.11640625 0.14921875
1 0.30078125 0.0859375 0.034375 0.05859375
1 0.33515625 0.08828125 0.0296875 0.05390625
1 0.36875 0.08671875 0.0359375 0.05703125
1 0.78046875 0.70546875 0.121875 0.1359375
6 0.2234375 0.69921875 0.1125 0.14140625
6 0.22109375 0.36640625 0.1140625 0.14765625
6 0.5046875 0.3796875 0.11328125 0.14296875
6 0.78671875 0.37890625 0.11171875 0.1578125
3 0.503125 0.7046875 0.13671875 0.140625
3 0.78828125 0.54453125 0.13125 0.159375
6 0.3015625 0.15234375 0.0390625 0.05703125
6 0.33671875 0.1546875 0.03359375 0.05859375
6 0.36953125 0.15390625 0.0328125 0.06015625
8 0.43203125 0.15546875 0.0671875 0.071875
8 0.5125 0.153125 0.07109375 0.0671875
0 0.59296875 0.15625 0.08203125 0.0734375