4 0.4795198958068284 0.44623461158401534 0.7001219115957846 0.8924692231680307
3 0.17864632853997928 0.7473679023969717 0.07739595760961007 0.1411082400717074
0 0.20858723498777682 0.4689965643455678 0.08389554825728122 0.22219401470410477
5 0.2350155409236671 0.1948599270293691 0.057107653514351854 0.10805176102807859
5 0.45786870792569057 0.7226590615961028 0.15240805556198095 0.1335302830842359
5 0.1258318749855428 0.25117552665874465 0.050595964914309774 0.04242676102807863
5 0.1353316703093784 0.20997573787213542 0.05341088450478395 0.03963021176328389
5 0.13608267542845107 0.17124168860734068 0.053876005119072715 0.04431771176328381
3 0.06887814508792425 0.2563885025762402 0.0602810453238356 0.04653711323369425
3 0.0751754203093784 0.21629841452483628 0.05684596491430978 0.04308366249848907
3 0.07772148573559545 0.1750563898924389 0.054031045323835604 0.04588021176328381
2 0.058382220349462964 0.8218563542319629 0.0571560453238356 0.046208662498489164
2 0.49780477519253974 0.4370523713390832 0.16147297515245515 0.1313906352898515
1 0.02397497531049541 0.6901863547818559 0.04794995062099082 0.04061556396889952
1 0.025173512409315212 0.6555650167304521 0.050347024818630425 0.03527116249848916
1 0.02699523481527938 0.6221354920980546 0.05399046963055876 0.041849613233694426
1 0.6836856012308115 0.1453834965274173 0.1480306359715069 0.1361626069814279
6 0.6221637682328349 0.7030716479978277 0.1517878947429292 0.1272802830842359
6 0.28911870792569055 0.7403954012971857 0.15819293494769227 0.12949968455464642
6 0.33053975509015826 0.4554057356725635 0.1549128947429293 0.127608733819441
6 0.3577432620498631 0.1734565983563648 0.16897539474292939 0.12908676212786457
3 0.6553847148853954 0.42280935921121865 0.15426853801913581 0.15228028308423572
3 0.523523302254626 0.15448620939048713 0.17239837720008425 0.14800098749546722
6 0.08304077847098029 0.6824255266587447 0.06012600511907269 0.04497461323369443
6 0.08887293307814573 0.6470229386073407 0.06278588450478395 0.04061556396889952
6 0.09134752737816679 0.614292551291142 0.06263084430002105 0.039053063968899515
8 0.09911163556868308 0.5516283259235394 0.078541728804805 0.07474186690972058
8 0.10475245611397281 0.4714059139749433 0.07431934941909377 0.07893669080691268
0 0.11586202665926257 0.39060871323973806 0.0814995906476712 0.0889685922773232