4 0.45015455386864056 0.4519153966930583 0.9003091077372811 0.6503235129259434
3 0.7047137722553762 0.712984253385679 0.14035549126449015 0.06953786167271758
0 0.4268075707162723 0.7219732287082807 0.2214596256238929 0.07128604547482595
5 0.15251588789597365 0.7339280365403964 0.10906346921791962 0.05114068874502422
5 0.7355112219222969 0.43310575239709587 0.13187790765375879 0.1454636917107738
5 0.18805538997595309 0.8367691936507591 0.041875969217919626 0.04840300790866543
5 0.14794091971804374 0.8329557855518133 0.03904270049911425 0.051400673916276673
5 0.10858668843684907 0.837672460456673 0.04373020049911429 0.05159167490485963
3 0.1819500440941509 0.8938322771488563 0.04587616306150357 0.05790534190105419
3 0.14232509255504683 0.8931120355518132 0.042459431780308955 0.05465300790866543
3 0.1007729769144495 0.8963617109509647 0.04529270049911429 0.05165534190105418
2 0.7565655804917719 0.8245000735379033 0.04558443178030895 0.054780341901054186
2 0.45223021422677673 0.43297439570447505 0.12962810149734275 0.15471135771838504
1 0.613887350250567 0.8855715192030098 0.03991789434269819 0.060775673916276675
1 0.5797311487114629 0.8846284431192863 0.034646931780308955 0.05433467292769336
1 0.5459915330708656 0.8875597835374659 0.041188663061503664 0.05771434091247087
1 0.1920355767474049 0.285586037034688 0.134565310731967 0.14090352570316256
6 0.7484833641850156 0.26913875289138744 0.12562790765375897 0.1452090237259962
6 0.7197577327377862 0.6018557523970959 0.12777387021614822 0.1515226907221905
6 0.43740384068286337 0.6001300622063779 0.12591963893495367 0.1483340237259963
6 0.1552996578625647 0.6124032050194655 0.12723242970032947 0.16239652372599628
3 0.4693063939271062 0.2750663952101835 0.15062790765375897 0.14622769566510643
3 0.16919891576588078 0.4468418720156599 0.14612829534092678 0.16472302768032882
6 0.6193053899759532 0.8191971027011071 0.04431366306150366 0.05784167490485999
6 0.5843679384368491 0.8182858601154808 0.03991789434269819 0.060775673916276675
6 0.5514825056165504 0.820404117035563 0.03835539434269819 0.06071200692008212
8 0.4891283712571477 0.8213882968833387 0.07389731946747666 0.07461268083635879
8 0.4084408227962517 0.8270108971873498 0.07814722254568487 0.07011618182494175
0 0.3282638040774464 0.827164747491361 0.0896681851080741 0.07681185079830258