2 0.205767929862598 0.12807784726514493 0.04060827962517113 0.0563136439408634
2 0.5444837181967508 0.5460158067983443 0.12044419530200408 0.17506338606495575
4 0.5489295257977405 0.5104131466466235 0.8400893863808662 0.746649022758131
6 0.2653140775927424 0.2367674499903017 0.10825042069139794 0.07742311151914834
6 0.26469091811760853 0.5383139745361089 0.11088733887551347 0.16804811151914834
6 0.5416900241483878 0.36926198816189254 0.1107054824490227 0.1617981115191484
6 0.8206286810497321 0.5360039805758487 0.107853267088759 0.17091802000387943
6 0.33660039271557946 0.12992777650266124 0.038954851411925784 0.053061098183228864
6 0.3734782670887588 0.13239920119824966 0.032659387305303156 0.0509884151526907
6 0.4047055350354475 0.12906703604555897 0.032704851411925875 0.052550915152690704
1 0.33777043613080415 0.062485184987392174 0.03454013605166182 0.062053460910325244
1 0.3706056681841155 0.06058797407706693 0.03284124373179385 0.0572384151526907
1 0.40286423871722893 0.06578578604555896 0.029716243731793844 0.056983323637421625
8 0.4664470170887588 0.1248102286189948 0.06459134890464338 0.07697683030538141
8 0.5447993376218723 0.12624544073726804 0.06771634890464337 0.07723192182065049
0 0.6206033196751836 0.12084072149199307 0.07727320533113406 0.08424719636645768
0 0.5363540032987053 0.23970203391952705 0.2133016335443795 0.0984686772806623
0 0.27145905832590544 0.7170926787784744 0.22981919530200426 0.183991589099373
1 0.8070984123116208 0.23248036784875242 0.12654577962517094 0.06332866061076281
3 0.7575888426364371 0.0650216719413367 0.04221624373179385 0.058003689698497916
3 0.7959610208496826 0.06502180087929058 0.03596624373179384 0.057493506667959784
3 0.8342422708496826 0.06189692981724446 0.040562815518548234 0.0547511439408634
3 0.8194933930447839 0.7122954136063869 0.1294554824490227 0.16332866061076282
5 0.2642864381758682 0.3629313372632053 0.11355769780928666 0.15267820303441743
5 0.5462915737653117 0.7158021483136133 0.113648626022532 0.15580320303441758
5 0.8154457728947466 0.3578789805758488 0.11686455423577727 0.15918329454968658