2 0.1981984978157985 0.1586258730323638 0.04029899810013893 0.055856516091543365
2 0.5136331681249301 0.6259379672358356 0.119479964665139 0.17371028763096846
4 0.5199201889264925 0.5911641294886516 0.8361324021635422 0.7370493379224108
6 0.2518118474552081 0.2758405062041863 0.1078501740119445 0.07617972376899793
6 0.23543608615295092 0.5759661923422159 0.10995949430041678 0.16680472376899794
6 0.520086455928333 0.4495393582013282 0.10981402393569457 0.16055472376899793
6 0.7891234773954856 0.6577224708421319 0.10690722948277784 0.16971120248167448
6 0.328376307086354 0.1802491367781187 0.038663762917777775 0.05262225544788164
6 0.36496777051722207 0.18828551190416948 0.032377395326597204 0.0506227128732347
6 0.39623595431281233 0.18968947477740417 0.032413762917777776 0.0521852128732347
1 0.333065113507118 0.11328015806544216 0.03419446846486114 0.061669473516896424
1 0.36585942971152774 0.1163558815823386 0.0325228656913195 0.0568727128732347
1 0.39770884175562493 0.12640822477740415 0.029397865691319504 0.05665419158591125
8 0.45793652051722217 0.19478652020204268 0.06417290919430556 0.07624542574646939
8 0.5358796825613193 0.20806205238512945 0.06729790919430556 0.07646394703379285
0 0.611642748765729 0.21414244360272358 0.07681837955902786 0.08336951089576328
0 0.5215424659963193 0.31974259755766643 0.212828614741389 0.09600018689433423
0 0.23283449696277714 0.7549817029858776 0.228854964665139 0.18135853268729002
1 0.7915094738801038 0.3534884389111466 0.12623649810013884 0.06186585149293879
3 0.7509604751143749 0.17928076056678716 0.04189786569131933 0.05752827673520513
3 0.7891689899320138 0.18508264633649965 0.03564786569131932 0.05709123416055815
3 0.8274502399320138 0.18775953210621216 0.040262630508958355 0.054294016091543364
3 0.7787821233876729 0.8330666782674848 0.12856402393569458 0.16186585149293897
5 0.2441967563651733 0.401293974273201 0.11272081838861121 0.15139824505632155
5 0.5065622844818396 0.795250695948512 0.11279355357097245 0.15452324505632156
5 0.7932693827900691 0.4795974708421317 0.11599128875333342 0.15786676634364483