2 0.2015625 0.14453125 0.0390625 0.053125
2 0.52734375 0.5890625 0.11640625 0.16484375
4 0.5328125 0.55390625 0.8203125 0.6796875
6 0.2578125 0.2578125 0.10546875 0.06953125
6 0.2484375 0.55859375 0.10546875 0.16015625
6 0.5296875 0.4125 0.10546875 0.15234375
6 0.803125 0.6015625 0.10234375 0.16171875
6 0.33203125 0.15703125 0.03671875 0.05
6 0.36875 0.1625 0.03125 0.0484375
6 0.4 0.16171875 0.03046875 0.05
1 0.33515625 0.08984375 0.0328125 0.059375
1 0.36796875 0.090625 0.03203125 0.0546875
1 0.4 0.0984375 0.028125 0.0546875
8 0.46171875 0.1625 0.0625 0.07109375
8 0.53984375 0.1703125 0.06640625 0.07109375
0 0.615625 0.17109375 0.075 0.07890625
0 0.528125 0.2828125 0.2109375 0.08203125
0 0.25 0.7375 0.22421875 0.16640625
1 0.7984375 0.29765625 0.12421875 0.053125
3 0.75390625 0.1265625 0.03984375 0.0546875
3 0.7921875 0.1296875 0.03515625 0.0546875
3 0.83046875 0.1296875 0.0390625 0.0515625
3 0.796875 0.77734375 0.125 0.15390625
5 0.253125 0.38359375 0.109375 0.14453125
5 0.52421875 0.75859375 0.11015625 0.14609375
5 0.803125 0.4234375 0.11171875 0.15078125