2 0.21796875 0.13671875 0.0390625 0.053125
8 0.4515625 0.14609375 0.06015625 0.06953125
8 0.52421875 0.146875 0.06484375 0.06796875
8 0.26484375 0.6921875 0.18984375 0.16484375
8 0.51640625 0.70390625 0.1890625 0.15546875
8 0.76796875 0.5453125 0.19375 0.16796875
5 0.7609375 0.26484375 0.09375 0.04375
5 0.72109375 0.159375 0.034375 0.053125
5 0.75703125 0.15625 0.03671875 0.046875
5 0.790625 0.15625 0.0390625 0.046875
5 0.2671875 0.3578125 0.1078125 0.1453125
5 0.5171875 0.54609375 0.1 0.146875
3 0.51484375 0.3765625 0.11953125 0.15078125
3 0.72265625 0.09453125 0.03984375 0.053125
3 0.75859375 0.0953125 0.0359375 0.0546875
3 0.79453125 0.09453125 0.03984375 0.06015625
2 0.5078125 0.2515625 0.0875 0.06640625
6 0.2640625 0.52265625 0.1 0.15234375
6 0.76875 0.38125 0.0984375 0.15078125
6 0.27109375 0.24296875 0.096875 0.06484375
6 0.33828125 0.14453125 0.034375 0.06015625
6 0.36875 0.14296875 0.02734375 0.05625
6 0.396875 0.1484375 0.02890625 0.053125
1 0.3390625 0.08125 0.03125 0.05859375
1 0.36796875 0.0828125 0.0234375 0.0515625
1 0.39765625 0.08203125 0.0296875 0.053125
0 0.5953125 0.15234375 0.071875 0.06484375
0 0.759375 0.70390625 0.2 0.14921875
4 0.52109375 0.521875 0.746875 0.6296875