2 0.8645493550916067 0.16768834292630339 0.053352258976990544 0.04215667889684287
8 0.8565333637740096 0.4018281244963345 0.06909543364502539 0.06337923151356133
8 0.8561748154712117 0.47452987712717043 0.06913179508134419 0.06962923151356133
8 0.30935331586399517 0.24691571345064572 0.16673402380771343 0.200271557737216
8 0.2990981136758136 0.4991607529131846 0.15734993344863374 0.19816302616718495
8 0.4591554114876321 0.741486218853492 0.16987720452587265 0.20357856826055976
5 0.7395832548717738 0.718119524383395 0.04429542154477702 0.09629814732681172
5 0.8448202007152436 0.6721329192205452 0.05332498789975162 0.03746917889684287
5 0.8481542789740747 0.7078884086972016 0.047093168617910665 0.04023015785015538
5 0.8483497216942866 0.7414821586972016 0.04710225897699054 0.04179265785015538
5 0.6437419514026146 0.22978433745287002 0.1459397347764936 0.11627598933548197
5 0.45691515885535344 0.4907504714843278 0.14745678298109563 0.1085544945971538
3 0.626432773316734 0.47853265059293226 0.1506908672900508 0.12748650512049764
3 0.9096730410743232 0.6699187008611635 0.05336134933607006 0.04371917889684287
3 0.9091008693331544 0.7059017034919994 0.05489657825883114 0.03912268415851479
3 0.9100911975919856 0.7417937008611635 0.05960225897699019 0.04252069994353036
2 0.7513918667008758 0.46422097965918424 0.06613406010845857 0.09132222099021767
6 0.4788800206844554 0.23626039255925008 0.15370678298109547 0.10891851564384121
6 0.6232224566671719 0.7327119163779477 0.15057269262201595 0.10717400512049746
6 0.7586084273003136 0.2270017007199891 0.06618860226293641 0.10069722099021768
6 0.8574368127407371 0.28845586923466265 0.059574987899751616 0.03783319994353027
6 0.8591765747427897 0.3188336139729908 0.056413626463433175 0.03140118942018653
6 0.8538714512062228 0.3472771323888423 0.05328862646343282 0.03121917889684287
1 0.9207226079202769 0.28555140613695273 0.05955680718159258 0.03470819994353027
1 0.91932827956325 0.3145486613986246 0.05169885538619425 0.026440673635170952
1 0.9202822463857627 0.34419065876778865 0.0532977168225127 0.03278167889684287
0 0.8511196768093343 0.5459421455430219 0.06604315651766228 0.07569722099021767
0 0.30051166451269423 0.7421295029131846 0.1511635659621911 0.20873650512049763
4 0.48115663475305254 0.49324613992841415 0.6340326916400573 0.783550120453755