2 0.848039390209188 0.27833525562310857 0.05585651609154354 0.04277736188449897
8 0.8223299239817585 0.5112734417611382 0.07290190445914604 0.06418246832111621
8 0.8164680540514879 0.5838750614393073 0.07333894703379258 0.07043246832111638
8 0.2892928208993359 0.2863680968013618 0.17895479852673174 0.20220662822814398
8 0.25998310726979657 0.5371111419738988 0.16947053788306993 0.19998856436617346
8 0.4009858936402573 0.7997635973055649 0.18229831981405517 0.20555014951546724
5 0.6819463165367351 0.8123446328428463 0.05030563861970414 0.09680929802252862
5 0.7902012129501094 0.7798759762900135 0.055528734160558105 0.03808986188449896
5 0.7908132181458893 0.8160319975773369 0.04949725544788155 0.040777819309851894
5 0.788464114307162 0.8496257475773369 0.04960651609154354 0.042340319309851895
5 0.6235039299338434 0.31209362454497314 0.15285148441265975 0.1179737398605413
5 0.4177409769479657 0.548927716983734 0.15386768119435104 0.1102705005042031
3 0.5874361179134583 0.5584387468210322 0.1583038089182919 0.12923902179152655
3 0.8549357023064476 0.7859727930019754 0.055965776735204996 0.04433986188449897
3 0.8516414575022276 0.8218556626801445 0.05720049480421992 0.0397616225281606
3 0.8499097126980079 0.8578477930019754 0.06210651609154354 0.04321440445914604
2 0.7129277908099361 0.5601483483139711 0.07174359604505724 0.09208894703379293
6 0.4588787012211668 0.29744162663866003 0.16011768119435105 0.11070754307885
6 0.5649937633184263 0.8120172148900471 0.1568834205506892 0.10892652179152655
6 0.738074528324689 0.3240305318541106 0.07239915990702758 0.10146394703379284
6 0.8318138206472344 0.39810145240479994 0.06177873416055846 0.03852690445914595
6 0.8312457380958305 0.4286794630484616 0.05821669158591121 0.03205838317182241
6 0.8238102965099193 0.45642205079564563 0.05509169158591121 0.031839861884499145
1 0.8950404403254033 0.4033077584731002 0.061560212873234835 0.03540190445914604
1 0.8914566184176614 0.43210474782943836 0.053201409654926125 0.02704310124083733
1 0.8901619161880884 0.4618468781512693 0.05520095222957302 0.033402361884499146
0 0.8060279447648788 0.6545863991864913 0.07065098960843982 0.07646394703379293
0 0.2429930771803968 0.7800798919738987 0.16398536238870207 0.21048902179152656
4 0.4416865753388114 0.5545275069604909 0.6819140876703094 0.7909070393956792