4 0.493142406149864 0.5434731079946016 0.7363180325624017 0.913053784010797
5 0.7850245324508599 0.30238530696329663 0.06963082654882306 0.11298324007170742
5 0.7926510832190854 0.5813337928090849 0.07752521370395282 0.1153668669097204
5 0.29509548903026517 0.8126241222354256 0.15794969810012063 0.13780486065745415
5 0.922203543643678 0.8295881953792812 0.06134029172311415 0.04374056396889969
5 0.9266763596770516 0.8704595334306852 0.06446529172311415 0.044069014704104605
5 0.9265845064431197 0.9131819453792811 0.06479284034363317 0.0503190147041046
6 0.6480601209854706 0.28332808729806747 0.1777708751693421 0.1305647904362882
6 0.4560142203742153 0.5475057260907203 0.18385710085908258 0.12809669190669873
6 0.7973982954527002 0.8646413279196679 0.075962713703953 0.1152026415421176
6 0.902195422319523 0.38851039611448657 0.06117651741285428 0.04061556396889952
6 0.9032566333099424 0.42358453343068525 0.06413774310259512 0.03781901470410478
6 0.9050172071452323 0.4571782834306852 0.06742651741285428 0.04127246543930987
0 0.46282198383034084 0.262304881237157 0.1994555246489437 0.24783204411231435
0 0.916931788216611 0.6845220334306852 0.08575379353213641 0.0944772191153362
8 0.9074704997728574 0.518814920746884 0.08378185775648746 0.08650049374773375
8 0.9118105189947343 0.6016274207468839 0.09603619629109836 0.08312679668855445
8 0.6490648575293451 0.5693500589896439 0.19904608887329509 0.24001954411231435
1 0.47885301334052466 0.8350456029287334 0.17719102103089918 0.14915056506868538
2 0.27778856456303547 0.2451879251762466 0.16707903663473136 0.13410271286306977
2 0.2755045267966504 0.5277564461326179 0.16576219810012063 0.13862598749546712
2 0.8997177962456698 0.2522843222172944 0.06462906603337366 0.04719401470410478
1 0.9714118721728952 0.39598265034040575 0.05717625565420974 0.03592806396889951
3 0.6718217633405248 0.8553274358276569 0.17916295680654776 0.1571272904362882
1 0.9734026187241926 0.42793178765660433 0.053194762551614615 0.03683366249848916
1 0.9746530588530551 0.4633343757080084 0.050693882293889915 0.041849613233694426
3 0.981683727102278 0.8371425622890019 0.03663254579544386 0.045303063968899694
3 0.9827073165414 0.8793300622890019 0.034585366917200135 0.05155306396889969
3 0.9827842206571287 0.9243962242375978 0.03443155868574266 0.046865563968899696