4 0.51015625 0.53359375 0.87109375 0.68984375
5 0.22109375 0.2265625 0.10625 0.0640625
5 0.50078125 0.23359375 0.1078125 0.07109375
5 0.7859375 0.74609375 0.12109375 0.1515625
5 0.73671875 0.11640625 0.0375 0.06015625
5 0.77734375 0.1140625 0.03671875 0.06171875
5 0.8203125 0.11640625 0.04375 0.06328125
6 0.21640625 0.36328125 0.1125 0.171875
6 0.50234375 0.5703125 0.11015625 0.17734375
6 0.78515625 0.24375 0.1078125 0.0703125
6 0.2953125 0.11328125 0.03515625 0.06015625
6 0.33046875 0.1140625 0.03203125 0.06171875
6 0.3640625 0.1140625 0.03359375 0.065625
0 0.21484375 0.5484375 0.228125 0.1875
0 0.59140625 0.1140625 0.08515625 0.08125
8 0.42578125 0.11484375 0.07890625 0.0796875
8 0.50859375 0.11484375 0.0734375 0.0921875
8 0.50390625 0.37734375 0.2203125 0.18828125
1 0.7890625 0.5625 0.13203125 0.1703125
2 0.2171875 0.73359375 0.1171875 0.1609375
2 0.5015625 0.75078125 0.121875 0.15859375
2 0.15859375 0.10859375 0.04140625 0.06328125
1 0.2953125 0.0421875 0.0296875 0.059375
3 0.7890625 0.36953125 0.1390625 0.171875
1 0.32734375 0.04296875 0.03125 0.05234375
1 0.3625 0.040625 0.0359375 0.05625
3 0.73671875 0.04453125 0.0390625 0.059375
3 0.77890625 0.04453125 0.0453125 0.059375
3 0.82421875 0.046875 0.03984375 0.06015625