4 0.5163651754057693 0.49195006013232423 0.8799111494270866 0.7617955327600706
5 0.2237300433640895 0.20851477529471324 0.10699543467536321 0.07273561151914842
5 0.503499359365044 0.19271533467813143 0.10864884134309047 0.08067565727678291
5 0.7946190867679499 0.6819382339098288 0.12363858935390812 0.16151106909549373
5 0.7380732593491356 0.05626842527531659 0.03819089067472703 0.06243609818322886
5 0.7786709873488175 0.05060848557681867 0.03822725334181776 0.06556109818322886
5 0.8216670093491356 0.04944472724186895 0.044477253341817756 0.066071281213767
6 0.22063341004931591 0.34561616256761685 0.11449994668999892 0.1810582945496865
6 0.5089799367440874 0.529306538920497 0.11144767202418074 0.18705320303441758
6 0.7879925380330894 0.17965825678864597 0.1086306600095451 0.07911315727678292
6 0.29663064668204475 0.08917510180707282 0.03506589067472685 0.06218100666795978
6 0.33179598734881743 0.08708657226029577 0.03197725334181776 0.06505091515269071
6 0.36538973734881747 0.08434433847115326 0.03513861600890866 0.06843100666795979
0 0.22122539807445113 0.5308999583252515 0.23030676002545336 0.20612168061464226
0 0.5927334873488175 0.06578643073532837 0.0853204293443632 0.08813747091226491
8 0.4271175780155902 0.08008753104458913 0.07905224801081764 0.08606478788172675
8 0.5099300780155902 0.07332760588995875 0.07451019867918127 0.09818215060882318
8 0.5082970420512248 0.33621024316286235 0.22249426002545328 0.20548395182646945
1 0.7956077800763601 0.4980893923945596 0.13323176535645337 0.18102634364130096
2 0.22572363609958632 0.7158648896887996 0.11906017735518085 0.1705034318225902
2 0.5102986307685862 0.7098390617993141 0.1237294960216353 0.16932356909549373
2 0.1598573526814084 0.09564785560009467 0.0413522533418178 0.06581618969849792
1 0.295803396005727 0.02449026825230045 0.030378390674726852 0.0489805365046009
3 0.7933623853834977 0.30512064239455966 0.14106244668999893 0.18322657242947366
1 0.3278437366724997 0.0220429356759551 0.03186816534054513 0.0440858713519102
1 0.3629727146721816 0.02031308022079248 0.036592028007635946 0.04062616044158496
3 0.7372369180060452 0.00783762362287414 0.03975339067472685 0.01567524724574828
3 0.7794244180060452 0.006243301652442445 0.04600339067472685 0.01248660330488489
3 0.8247641900063634 0.005470103848515784 0.04131589067472703 0.010940207697031568