4 0.51171875 0.52421875 0.8546875 0.67734375
6 0.22109375 0.34609375 0.11171875 0.1703125
6 0.7921875 0.54921875 0.1078125 0.175
6 0.303125 0.096875 0.034375 0.06796875
6 0.33671875 0.1015625 0.02890625 0.06015625
6 0.37109375 0.09921875 0.03046875 0.0640625
1 0.22265625 0.53671875 0.12421875 0.159375
1 0.784375 0.2265625 0.12578125 0.05234375
8 0.225 0.72109375 0.2171875 0.17265625
8 0.5078125 0.7296875 0.21796875 0.178125
8 0.790625 0.734375 0.221875 0.18203125
8 0.4328125 0.09921875 0.078125 0.08046875
8 0.5140625 0.1046875 0.07265625 0.08359375
2 0.16484375 0.09296875 0.03984375 0.0640625
1 0.30234375 0.034375 0.03125 0.046875
1 0.33671875 0.03828125 0.034375 0.05
1 0.37265625 0.0375 0.0328125 0.0578125
3 0.7390625 0.040625 0.0375 0.071875
3 0.7796875 0.0421875 0.0390625 0.075
3 0.821875 0.04296875 0.04140625 0.0765625
5 0.73828125 0.109375 0.0390625 0.0640625
5 0.7796875 0.109375 0.03984375 0.06015625
5 0.82265625 0.11015625 0.04375 0.06171875
5 0.509375 0.553125 0.1171875 0.1578125
5 0.79140625 0.35859375 0.11875 0.16171875
5 0.228125 0.2125 0.1046875 0.05859375
2 0.50234375 0.22265625 0.10234375 0.06484375
3 0.50859375 0.3625 0.13359375 0.17421875
0 0.59609375 0.10859375 0.08125 0.075