4 0.4964655422280905 0.5749944170598522 0.8744189222742437 0.7629319920053105
6 0.21102345038307613 0.3680319389739514 0.11745558762187222 0.18147539474292937
6 0.7762068665221276 0.6278241338147941 0.1129044799417402 0.1856977741286407
6 0.3003062253893938 0.12695279972400408 0.036375420691397944 0.07216088450478395
6 0.3337635830695257 0.1349736641264066 0.02985263605166182 0.062165723685732345
6 0.36820677922945977 0.13604079863119053 0.03311402837152997 0.06716330409525817
1 0.20703932937510902 0.5588119791787143 0.12963733887551349 0.1717782163810327
1 0.7777827045397112 0.30439268279097964 0.1265457796251713 0.0655282163810326
8 0.20401831479363267 0.7434195394858587 0.22218855172849494 0.1934255884620441
8 0.4865807622072079 0.780075566547945 0.22393290815498562 0.19983062866680718
8 0.7692568698873399 0.8128253436100312 0.22714883636823108 0.20326570907633296
8 0.4299255292294598 0.14216488671932542 0.0804891335443795 0.08900201023814538
8 0.5110164048562804 0.1556957273669966 0.07433006175762476 0.09150684941909377
2 0.1621386356559505 0.10932549160248675 0.04248902837152992 0.0680935453238356
1 0.30134353965430105 0.06437527962162262 0.032613923198680436 0.04997580409525815
1 0.3356048793877443 0.07169241412640659 0.03582985141192578 0.05341088450478397
1 0.37156511144105564 0.07447708883595347 0.03449467194503919 0.06106834430002106
3 0.7378804332278103 0.1139590168528553 0.0395913489046432 0.07559596491430982
3 0.7784599691211876 0.1195525621766909 0.04124477711788863 0.07887600511907271
3 0.8206247370678763 0.1245198977052894 0.04285274122451135 0.0805935453238356
5 0.7350987625364123 0.18263149675047385 0.04092652837152997 0.0679385051190727
5 0.7765050125364124 0.1867400621766909 0.04235263605166182 0.0634060453238356
5 0.819451030483101 0.19178491780767087 0.045568564264907255 0.06684112573336143
5 0.49328070625557086 0.6036681067527079 0.12177937476889085 0.16944051535721805
5 0.7809722375300947 0.43712161371241276 0.123478267088759 0.17428305556198112
5 0.22194188149931535 0.23513586989538454 0.1064151360516619 0.06976269371911474
2 0.495865114806268 0.27250167583127477 0.10503449247815269 0.07585765351435185
3 0.49804607726353806 0.41296558665032645 0.13946697994174037 0.18833345760961
0 0.5929339945897236 0.16774158811704926 0.08343227711788863 0.0830620906476712