4 0.5422510152909054 0.48544302177160964 0.8941837835655825 0.7428893460791741
6 0.24125141546031456 0.3293402674219321 0.12241957352223158 0.17883724025173775
6 0.824175849477655 0.48919037072734683 0.11800508930724725 0.18316954274124875
6 0.30876732622365466 0.07390556098837335 0.03837923151356133 0.07135478174358653
6 0.3426340920086702 0.07604747882986833 0.031583199943530184 0.06150618506293441
6 0.37687258411616237 0.07109894708628181 0.034981215728545755 0.06643048340326048
1 0.25391655738428015 0.5198468682517691 0.13428253669052861 0.1688469336130421
1 0.7975707629424181 0.16712611657816198 0.12809417889684288 0.0625969336130419
8 0.26699892826155835 0.7040442694965245 0.2271980787839034 0.18833248465266017
8 0.5503119572007534 0.6912077696970172 0.22912459983059072 0.19470088382282338
8 0.833397472985769 0.6744650198975098 0.23243161035393456 0.19806268216314943
8 0.43859133411616247 0.06642217986484236 0.08285727360693614 0.08716995850815121
8 0.5201598525320138 0.06573417301636511 0.07678928413027997 0.08982136182749911
2 0.170258563069475 0.08047763754780098 0.0443562157285458 0.06714087842423862
1 0.3043458657567807 0.01804312613754255 0.03398015785015547 0.0360862522750851
1 0.3389483789109603 0.0195343098508308 0.03728716837349921 0.0390686197016616
1 0.3748403762801244 0.019705619601415265 0.03617969468185844 0.03941123920283053
3 0.741428636803468 0.010990241277422975 0.041686242036904984 0.02198048255484595
3 0.7821446420651399 0.011043151857844418 0.04343075256024864 0.022086303715688836
3 0.8243776446959759 0.010255612853184354 0.04508425782192056 0.020511225706368708
5 0.7446516183170294 0.053431392097971174 0.042793715728545935 0.0670224792540756
5 0.7860578683170294 0.05029381408865104 0.04408319994353036 0.06245337842423861
5 0.8290721209478654 0.04781908690916788 0.04739021046687384 0.06581517676456466
5 0.5415908626318346 0.5145268705268542 0.1263790314288567 0.16669243776222675
5 0.8122919575536894 0.29862457031242834 0.12821454721387227 0.17149833693238978
5 0.2405017155873715 0.19521372115619848 0.10814569994353027 0.0673077444009226
2 0.5153119997882385 0.1845909167925878 0.10694722099021767 0.07343934523075957
3 0.529706970707869 0.3239610701119357 0.14456758930724725 0.1851823286340201
0 0.6024186156861935 0.06342446658280636 0.08561825256024883 0.08115675684847723