0 0.17175099616162492 0.41569451082055264 0.23105612943017612 0.1733706185006847
0 0.44258546553937206 0.4329802653728992 0.22793112943017596 0.17327969028743925
0 0.5512378093253182 0.2025773630239013 0.08575555789652096 0.07102320533113407
6 0.6926059143388205 0.6095500917120004 0.12723744234867418 0.1641199874635877
6 0.42055749256844505 0.6032018371596538 0.12376559880792329 0.16090405925034226
6 0.15284802319069787 0.5860070108205526 0.12133428588942512 0.167063131037097
5 0.7117690199653108 0.43689384171200035 0.13696098995604586 0.15350073620994653
5 0.1359402526123992 0.745404742873864 0.12862822464491938 0.14858591567683313
5 0.6832699113586285 0.2134730620868292 0.040271340192766306 0.05412521034569906
5 0.7215511613586285 0.21458693269908488 0.039924496652015404 0.051000210345698974
5 0.760005833129004 0.21413830331134057 0.04270265311126433 0.04796613855894431
3 0.6894255321736477 0.15095033003351785 0.05068687081501899 0.0637729949854351
3 0.7284013212884599 0.1528681826990849 0.04478371435577007 0.06671613855894432
3 0.7687661886328967 0.15639399947127458 0.04478371435577007 0.06671613855894432
3 0.6653693240234567 0.7772687891255756 0.14199533349679677 0.1567621285298145
5 0.45055690274347154 0.3117273909997198 0.1031181837335172 0.05906877461060622
2 0.18284658133241405 0.2874785826073073 0.1031181837335172 0.05906877461060622
2 0.4036497219901463 0.7625995692129651 0.12828138110416845 0.1454609156768331
2 0.14255564437350973 0.17736178503544747 0.0468681837335172 0.057432066772189705
6 0.27163702021050595 0.19365803793844139 0.0453056837335172 0.057386602665567034
6 0.3061854419808814 0.19309574828414036 0.040965027274268095 0.06037521034569897
6 0.3356995202105059 0.19552206630997132 0.04131187081501908 0.06350021034569897
8 0.39672373109569364 0.19651391646825583 0.07863674497802293 0.07704588479802066
8 0.4707690593253182 0.20023596153283324 0.07707424497802293 0.07700042069139794
1 0.278139484566276 0.12801030588513002 0.043743183733517196 0.05734113855894436
1 0.311733234566276 0.1289877841775177 0.039402527274268094 0.0603297462390763
1 0.34419889102552503 0.13306753041659397 0.0406181837335172 0.05725021034569897
1 0.7160951918582839 0.32023753912557557 0.12777134019276631 0.05667120031656907
4 0.43456375836996186 0.5760399435861446 0.8691275167399237 0.6469879072305489