0 0.46411458247452925 0.7517919174172878 0.18204694753799605 0.22516871120744356
0 0.45447823047738733 0.4792065223963096 0.18182842625067258 0.22204371120744354
0 0.2158749163633154 0.4140354987506002 0.07421303218308672 0.08333456348717298
6 0.6044353997675689 0.19766941201870297 0.16858574505632157 0.12157011452679152
6 0.6250092517647108 0.46942601284854 0.16524222376899794 0.11820831618646536
6 0.6344270824745293 0.7388864078695181 0.17127370248167448 0.11555691286711749
5 0.43177914976756887 0.21075252032171715 0.15841306956195353 0.13167882033565032
5 0.7937474521526984 0.7260284425128896 0.153179266343645 0.12351112282516112
5 0.21361901165206792 0.28069020248486654 0.055528734160558105 0.03840057178554286
5 0.2109421258823554 0.24240895248486655 0.05240373416055819 0.0381637734452168
5 0.2067027401126429 0.20424610165502957 0.04949725544788164 0.04105197510489074
3 0.1511736419738988 0.2862074192913875 0.06555929802252862 0.04848596680652095
3 0.1492233758823554 0.24708571970630597 0.06824725544788164 0.042472765146847016
3 0.1487263491471503 0.20628312095106144 0.06824725544788164 0.042472765146847016
3 0.7730050833077085 0.19353525122617793 0.1618658514929386 0.13660311867597635
5 0.33376689273020343 0.49385120808394395 0.06302415990702759 0.10113737012586892
2 0.33620810376185273 0.7646256493706557 0.06302415990702759 0.10113737012586892
2 0.78432962144288 0.4565680474919115 0.150054266343645 0.12327432448483525
2 0.23127458532452083 0.8251981416969858 0.05909077673520509 0.04488737012586874
6 0.23465132157876595 0.6937821983356816 0.05898151609154336 0.04332487012586874
6 0.23068508741820776 0.6595255975058446 0.0617787341605581 0.038874168466194806
6 0.23017163518863484 0.6297196983356816 0.0649037341605582 0.03911096680652086
8 0.22512922008582717 0.5688413979207632 0.07991672896477811 0.07599566016782511
8 0.22150183951189475 0.49450424875060006 0.07980746832111638 0.07443316016782511
1 0.16908095190059683 0.6995362134825287 0.05887225544788164 0.04176237012586874
1 0.16673184806186953 0.6659424634825287 0.061669473516896466 0.037311668466194804
1 0.1675623745449731 0.6328931651422026 0.05865373416055819 0.03863737012586874
1 0.3159738333077085 0.22816700849886243 0.061647330205615344 0.12590057178554287
4 0.5972284591900638 0.46524799832639285 0.6800345134167788 0.8566162688950467