0 0.2171875 0.409375 0.2125 0.1671875
0 0.4890625 0.41875 0.209375 0.1671875
0 0.571875 0.1859375 0.07734375 0.06953125
6 0.7578125 0.5875 0.11015625 0.1609375
6 0.4859375 0.5890625 0.10546875 0.1578125
6 0.2171875 0.5796875 0.103125 0.1640625
5 0.7578125 0.41484375 0.1203125 0.15
5 0.21796875 0.7390625 0.11171875 0.1453125
5 0.7046875 0.19296875 0.03515625 0.05234375
5 0.74296875 0.19296875 0.03515625 0.04921875
5 0.78125 0.19140625 0.03828125 0.04609375
3 0.70390625 0.13046875 0.04296875 0.06328125
3 0.74296875 0.13125 0.03828125 0.06484375
3 0.78359375 0.13359375 0.03828125 0.06640625
3 0.74921875 0.75546875 0.12421875 0.153125
5 0.48359375 0.29765625 0.096875 0.05703125
2 0.2140625 0.28125 0.09609375 0.05546875
2 0.48671875 0.7484375 0.1125 0.1421875
2 0.16171875 0.17265625 0.04140625 0.05703125
6 0.2921875 0.18515625 0.0390625 0.05546875
6 0.3265625 0.18359375 0.034375 0.06015625
6 0.35625 0.18515625 0.03515625 0.06171875
8 0.4171875 0.184375 0.0703125 0.07578125
8 0.49140625 0.1859375 0.06796875 0.07578125
1 0.29140625 0.11953125 0.0375 0.05703125
1 0.325 0.11953125 0.0328125 0.06015625
1 0.3578125 0.12265625 0.034375 0.05703125
1 0.74921875 0.2984375 0.121875 0.05234375
4 0.4921875 0.56171875 0.81015625 0.6234375