2 0.746144255121656 0.7984678963623215 0.044196281213767105 0.04398634933607006
1 0.6122477451197164 0.8492758965587133 0.03038887272903601 0.0470295361043533
1 0.5802802679985337 0.8483082941975812 0.03663887272903601 0.0470658975406721
1 0.5475953137561682 0.8465548966569092 0.03376896424430509 0.050172716822512696
6 0.6155319839098288 0.7898918061996337 0.03820137272903601 0.04707498789975162
6 0.5826557110310114 0.7904821586589618 0.031823826971401556 0.04547612646343317
6 0.5532233025462805 0.7871844418364489 0.032334010001939716 0.05172612646343318
8 0.49560212118273234 0.7845043485505032 0.06916433030538141 0.06287270472226432
8 0.4218935542132705 0.7778225564942213 0.07385183030538141 0.06289997579950324
0 0.3472124186073568 0.7734799692583996 0.07997428454774687 0.06137383723582168
3 0.21082863739358979 0.816457288736632 0.03794628121376693 0.043949987899751616
3 0.17489113739358983 0.8162482104778009 0.03638378121376702 0.0439408975406721
3 0.13810861451477258 0.8168158370394301 0.04052914727484325 0.05645907825883114
5 0.21588267027434674 0.764118083916172 0.04132637272903601 0.047093168617910665
5 0.17922769315316403 0.763123210477801 0.03871155575957421 0.05332498789975162
5 0.14166392027434677 0.7636862918598901 0.041326372729036054 0.047093168617910665
4 0.45763857513523376 0.43568050828961935 0.8495197048705853 0.5921633542078439
2 0.7011821836102663 0.6981588241536146 0.1019768303053814 0.06306360226293642
2 0.44333773270188076 0.6778998245463981 0.10404951333591957 0.06932269262201593
1 0.18198564452059157 0.6623101442210222 0.1199615557595742 0.05379768657189175
0 0.7127730010387701 0.5848912096922341 0.22072657242947358 0.14028060811666876
5 0.44730736876683636 0.5622430082896195 0.11670875212603189 0.1287431444174139
5 0.18466384755500903 0.5528987827847038 0.11852634364130096 0.1318772347764936
6 0.7296251454386755 0.42632018558993307 0.11591152667183913 0.13810905405833437
0 0.461433125893838 0.40834584864869894 0.2205670757634536 0.15745901775758925
6 0.19689226483373162 0.393519237605164 0.11536939273291535 0.15059996369925477
5 0.7410882881715908 0.2763156404103933 0.12152379788366652 0.1303329154946528
6 0.4773764745361088 0.2513327793668582 0.11084138939893542 0.13339428298109554
3 0.21427056771836792 0.23807775868240286 0.13360920970237727 0.1444590480082102