2 0.8147340342154328 0.2678229240195571 0.04825896602976236 0.04496612573336147
1 0.8806905411565975 0.40262675077673304 0.0498231700963828 0.031213706142887255
1 0.8834644374492946 0.43458048067435157 0.05034343540750967 0.035901206142887256
1 0.8855437946271796 0.46723794046958866 0.053121591866758425 0.03308628655241304
6 0.8214889629269729 0.39829772299574256 0.05069027894826057 0.03902620614288725
6 0.825912070104858 0.431187743098124 0.04843409186675842 0.032621165938124363
6 0.8260820837419921 0.46056516268859815 0.05468409186675842 0.03324132675717593
8 0.8301549392458846 0.5181451023814538 0.06961029258539461 0.07026410819051634
8 0.8321424733387197 0.5917436915624021 0.07013055789652115 0.07495160819051634
0 0.8365604683167428 0.6663560910504949 0.06926174497802293 0.08104656798575345
3 0.8950513187986584 0.8035097167838563 0.047565278948260216 0.03871612573336129
3 0.8990400195172942 0.8394472167838563 0.0473918571778853 0.0371536257333613
3 0.9038966811211179 0.8762434868862379 0.06023870071863584 0.041518947371464776
5 0.8426208579134705 0.797534619924299 0.05103712248901147 0.042151206142887254
5 0.8459150195172942 0.8341758498219175 0.05694027894826022 0.039646366961938996
5 0.8508583920063056 0.8717533699242989 0.05103712248901147 0.042151206142887074
4 0.48908786448684244 0.5499773867193254 0.67646536820262 0.8598576169908533
2 0.720630374408199 0.31102535091473105 0.07325214976327957 0.10307660819051634
2 0.7306683882905283 0.5685398684575761 0.07967557153365519 0.1052592690095679
1 0.7457407457136085 0.8296445066147099 0.06595821100778529 0.12089636696193899
0 0.6070889917526359 0.2974411860694202 0.16073851723031396 0.2230185380191358
5 0.6156503644868424 0.562535643305121 0.13991768038553243 0.11896329679055846
5 0.6370594327951103 0.8250416922813064 0.14321610215590788 0.12083587720008424
6 0.4480616873266971 0.27779835528598507 0.14911925861515699 0.11833103801913589
0 0.4615706927164669 0.5457016831359744 0.1793150954599385 0.22331652047629086
6 0.47777114368029805 0.8100088413954898 0.16144583684478153 0.11800885965723892
5 0.2981483982118848 0.2636957456287459 0.14200044569665896 0.12380583699532136
6 0.304192599175716 0.5269951425573023 0.14391149330403055 0.11317841740484713
3 0.32178212836917164 0.7898948410215805 0.15727689808928727 0.13613869883818736