2 0.1890625 0.20625 0.04140625 0.04375
1 0.31875 0.1546875 0.0265625 0.04765625
1 0.35078125 0.15546875 0.03203125 0.04609375
1 0.38359375 0.15703125 0.02890625 0.04921875
6 0.3203125 0.2140625 0.034375 0.046875
6 0.353125 0.21328125 0.02890625 0.0453125
6 0.3828125 0.21640625 0.028125 0.0515625
8 0.440625 0.21875 0.0640625 0.06171875
8 0.51484375 0.225 0.06875 0.06171875
0 0.58984375 0.22890625 0.075 0.0609375
3 0.72265625 0.18515625 0.03515625 0.04453125
3 0.75859375 0.18515625 0.0328125 0.04453125
3 0.7953125 0.184375 0.0359375 0.05546875
5 0.721875 0.2375 0.0375 0.046875
5 0.75859375 0.23828125 0.034375 0.05234375
5 0.79609375 0.2375 0.03671875 0.046875
4 0.50703125 0.5671875 0.8015625 0.5875
2 0.2421875 0.30625 0.096875 0.06171875
2 0.5015625 0.325 0.0984375 0.06796875
1 0.7640625 0.3390625 0.115625 0.05234375
0 0.23984375 0.41953125 0.21015625 0.13828125
5 0.50703125 0.440625 0.10703125 0.128125
5 0.7703125 0.4484375 0.1078125 0.13203125
6 0.2359375 0.578125 0.1046875 0.13828125
0 0.50546875 0.59453125 0.2078125 0.15546875
6 0.77109375 0.6078125 0.10234375 0.15078125
5 0.23671875 0.728125 0.1109375 0.1296875
6 0.50234375 0.7515625 0.10078125 0.1328125
3 0.76640625 0.76328125 0.12265625 0.14453125