4 0.49453125 0.54375 0.87109375 0.62578125
5 0.21328125 0.2609375 0.11015625 0.06875
3 0.4953125 0.27578125 0.13046875 0.06953125
5 0.775 0.27734375 0.10390625 0.06484375
6 0.20703125 0.38671875 0.1125 0.146875
5 0.49765625 0.4046875 0.11640625 0.14296875
6 0.78671875 0.40703125 0.11015625 0.1515625
0 0.203125 0.55625 0.23359375 0.16953125
8 0.49765625 0.5765625 0.2234375 0.17421875
8 0.78671875 0.578125 0.22734375 0.17734375
2 0.20390625 0.72578125 0.1234375 0.1515625
6 0.49453125 0.74765625 0.11328125 0.1453125
0 0.7828125 0.74453125 0.2296875 0.15703125
2 0.15 0.146875 0.040625 0.05390625
6 0.28984375 0.15390625 0.03515625 0.046875
6 0.3265625 0.153125 0.0328125 0.05078125
6 0.36015625 0.1546875 0.03203125 0.05390625
8 0.421875 0.159375 0.078125 0.0625
8 0.50390625 0.16328125 0.07265625 0.0671875
0 0.5875 0.1640625 0.08125 0.06875
3 0.7296875 0.109375 0.0390625 0.05
3 0.76953125 0.109375 0.0375 0.053125
3 0.81171875 0.1109375 0.04140625 0.06015625
5 0.72890625 0.1703125 0.0375 0.046875
5 0.76796875 0.16875 0.03671875 0.04921875
5 0.81015625 0.17265625 0.03828125 0.0484375