4 0.4504956079328667 0.45725697356272804 0.6351451841183582 0.9145139471254561
5 0.7365807479710468 0.1312527526123992 0.07002269334818116 0.117005557896521
3 0.718455267266094 0.4149315094309662 0.07027723201781733 0.13888055789652115
5 0.7136383085614593 0.6947924312013417 0.0668431493475449 0.11197121435577007
6 0.6108722233052285 0.1389632051276251 0.1481840560152719 0.12880164641529487
5 0.5895217452657759 0.43158255548694313 0.14509541868236298 0.1315798028745439
6 0.5838144485598685 0.7209051881425064 0.15283519334818116 0.1261969117264213
0 0.4413864266390922 0.1538732172133644 0.17147720003181668 0.25310455120055153
8 0.41764674526577583 0.45065895022824554 0.1775999306969986 0.2428607382820534
8 0.41272069855986854 0.7398948719986211 0.18077947469763486 0.24789508182280445
2 0.2718460859723194 0.1734707292991037 0.15299882535009016 0.1402594117264213
6 0.2465893579328667 0.46652363408436043 0.14662155601527208 0.12862822464491935
0 0.24635990189373214 0.7544580405436095 0.15892265603118041 0.24702967703754766
2 0.8513795919796372 0.055311713374989344 0.05359771467218159 0.046521340192766214
6 0.84272111262732 0.19593586134167898 0.047274989337999784 0.039577653111264335
6 0.8430751012890021 0.23256790045649126 0.05038180800445424 0.03836199665201532
6 0.8411217026177749 0.26633507222686675 0.0534886266709087 0.0371463401927663
8 0.83571603994273 0.32857408753799316 0.06340906667727211 0.08506187081501917
8 0.8308552699315941 0.4110388919639319 0.0680238413430903 0.07933213612614551
0 0.8291013185869127 0.4947193528491196 0.0696954293443632 0.08888055789652113
3 0.8821343172342772 0.6308370908859778 0.05045453333863605 0.04461199665201541
3 0.8816706932288685 0.6706808408859779 0.053561352005090865 0.0433963401927663
3 0.8796172972231414 0.7130417626563533 0.059865896005727136 0.048777527274268095
5 0.8212059079010501 0.6368192899306215 0.047311352005090866 0.04270265311126433
5 0.8223138745624139 0.675708368160246 0.050436352005090515 0.043049496652015226
5 0.817916728556687 0.7183294225861847 0.04889203333863605 0.044438574881639784