4 0.50546875 0.5034375347332335 0.871875 0.7079555274533055
5 0.78671875 0.8125058500407514 0.109375 0.07896059484181243
3 0.5046875 0.7713333519129348 0.13125 0.08100271381017503
5 0.225 0.7436609022460143 0.1046875 0.07539799792002064
6 0.79296875 0.6873080626031407 0.1125 0.15737732612300714
5 0.50234375 0.6422083034520389 0.115625 0.15454405740420185
6 0.21328125 0.6128794099415344 0.109375 0.16177309484181243
0 0.796875 0.518141476704634 0.234375 0.19219234608959823
8 0.50234375 0.4703333034520389 0.2234375 0.19585878660541703
8 0.21328125 0.44178565994153435 0.228125 0.199421383527209
2 0.79609375 0.3485372938843353 0.1234375 0.16308588560718834
6 0.50546875 0.29953128473323354 0.1125 0.15581482612300715
0 0.2171875 0.2757440740430277 0.2296875 0.17925474916780626
2 0.85 0.9324759084849429 0.040625 0.0569175066555303
6 0.71015625 0.9123896836514828 0.0359375 0.05022990973373851
6 0.6734375 0.9097430910974456 0.0328125 0.05306317845254398
6 0.63984375 0.9050444798246031 0.0328125 0.056188178452543626
8 0.578125 0.8945952870210089 0.078125 0.06979328202986608
8 0.49609375 0.8830310908896497 0.0734375 0.07404318510807428
0 0.4125 0.8744460291176928 0.08125 0.0763350133110606
3 0.2703125 0.9158597558233366 0.0390625 0.053646641014933036
3 0.23046875 0.9121401819881049 0.0375 0.056625775374335774
3 0.18828125 0.9066393096919771 0.040625 0.06316750665553031
5 0.27109375 0.8549951886436353 0.0375 0.050375775374335775
5 0.23203125 0.8529110476287023 0.0375 0.05350077537433577
5 0.18984375 0.8450664253325746 0.0375 0.05193827537433578