4 0.49375 0.51015625 0.8484375 0.6734375
2 0.20546875 0.225 0.09765625 0.0640625
2 0.4875 0.7234375 0.1203125 0.15703125
2 0.15 0.10546875 0.03828125 0.0625
6 0.20546875 0.3578125 0.1125 0.16875
6 0.4890625 0.54921875 0.10859375 0.1703125
6 0.77265625 0.36796875 0.11015625 0.1640625
6 0.28828125 0.11484375 0.03671875 0.053125
6 0.32265625 0.115625 0.0328125 0.04921875
6 0.35546875 0.115625 0.03203125 0.0546875
6 0.20546875 0.7109375 0.10859375 0.15625
5 0.48671875 0.23671875 0.10390625 0.0703125
5 0.7625 0.24140625 0.1 0.06015625
5 0.203125 0.53671875 0.11953125 0.1609375
0 0.48984375 0.36953125 0.22421875 0.1765625
1 0.2859375 0.04453125 0.03359375 0.05625
1 0.321875 0.05 0.03203125 0.05859375
1 0.35546875 0.0515625 0.03359375 0.0546875
1 0.76484375 0.7234375 0.12265625 0.14921875
3 0.77421875 0.546875 0.13671875 0.16953125
3 0.7203125 0.06171875 0.03828125 0.0578125
3 0.76171875 0.06328125 0.0359375 0.0609375
3 0.80234375 0.06171875 0.04140625 0.06015625
8 0.4171875 0.115625 0.06953125 0.07421875
8 0.4984375 0.11875 0.0734375 0.08046875
0 0.5796875 0.1203125 0.0796875 0.07890625
5 0.7203125 0.1234375 0.03671875 0.053125
5 0.7609375 0.12578125 0.0359375 0.0640625
5 0.8 0.128125 0.0375 0.05546875