4 0.5148002544609316 0.5075223895551974 0.8601923952875964 0.7030655903656549
2 0.8080589253193686 0.8027456426352402 0.09799321509696383 0.06744544954451329
2 0.5173274163942102 0.29445939436452073 0.12303985389503395 0.16045140507947586
2 0.8656141010490697 0.9242139040679855 0.03859094155801372 0.06380952885594056
6 0.8057406745085898 0.6699331426352402 0.11544554220663664 0.17267858656782167
6 0.5188059159871731 0.4686235806621898 0.1123478157455871 0.17413195916315977
6 0.23837589650541252 0.6399702686891395 0.11380122158978567 0.1679365228654909
6 0.7271692098153675 0.9100100164117049 0.03842730032431163 0.05443452885594056
6 0.6927805730458925 0.9080283649604259 0.033685253246410876 0.051145837748947896
6 0.6599680730458924 0.9068825272114779 0.03376707386326174 0.055833337748948254
6 0.7995768547058129 0.3168081426352402 0.11210235389503395 0.16006945916315996
5 0.526604373777241 0.7812054262156861 0.10435230925276535 0.07391370435383635
5 0.25074130316039006 0.76688743275429 0.10103639448011296 0.06286707694917482
5 0.8049616042987757 0.49110873818873646 0.121559174511885 0.1650843413771451
0 0.5211611229664622 0.6482837988110244 0.22808190990138844 0.18441967313564317
1 0.7307402690681328 0.9758395806197807 0.03535684740221221 0.048320838760438536
1 0.6947073116818068 0.9717237548941414 0.03228639448011279 0.056552490211717196
1 0.6610862881428564 0.9709450272114779 0.03532957386326192 0.05588790145127902
1 0.23998366639421018 0.28477433720079376 0.1260557597392326 0.15431053248413756
3 0.23369057629559858 0.4610094549868086 0.14044554220663671 0.17355160580511536
3 0.29606526013967915 0.9480481527172232 0.038509120941162586 0.059122028855940555
3 0.2546317366007288 0.9450397146054555 0.03700116801906326 0.06219246515360979
3 0.21403401013967915 0.9451835583448531 0.04166139448011297 0.06079365626060209
8 0.5982493230458925 0.9047272609694093 0.0716216298696164 0.07745536660488846
8 0.5169447759679917 0.8987649484482049 0.07485572402541756 0.08381449400955035
0 0.4356675024290414 0.8943651359270003 0.08105117694751698 0.08090774881887342
5 0.29498795535114075 0.8863294027172233 0.03842730032431163 0.05443452885594056
5 0.2543220450427152 0.882566996456621 0.037055715096963926 0.06531746515360978
5 0.2152186347342897 0.8788591538983497 0.03848184740221221 0.05755952885594055