4 0.5204861561498639 0.5446826133971083 0.8837308638609231 0.732766029508322
2 0.21726050033868427 0.23936777464151815 0.10023237336031983 0.07083665990702759
2 0.5254137528250752 0.7575268208224614 0.12850121551297528 0.16466306956195353
2 0.15552738297125826 0.11595777179152655 0.04077548620519007 0.06512225544788164
6 0.22422090852471319 0.37218027464151815 0.12134381275401314 0.176616766343645
6 0.5178458350281078 0.5834173314661231 0.1183006999091429 0.17796074505632156
6 0.7919406750330567 0.42199813829072796 0.11797315128862387 0.1717107450563214
6 0.2942999559020367 0.13500233875559012 0.04028416327441153 0.05574725544788164
6 0.3287158994796016 0.13818732291614827 0.03543288896415202 0.05229447351689642
6 0.3615283994796016 0.14048179643304473 0.034116050429541286 0.0568727128732347
6 0.2427274055840371 0.7253052746415182 0.11756371551297518 0.1638982450563214
5 0.49912465400215744 0.2707534405006305 0.10680992198083886 0.07752370248167448
5 0.7751515654675466 0.2947254441069267 0.10311171189493056 0.06636768119435103
5 0.2312532377870698 0.5509226336760256 0.12718437697836443 0.16924130891829173
0 0.5092100621881863 0.4037844617879539 0.23425324852966192 0.19229603268728984
1 0.28827128392119794 0.0645259477900975 0.03732293758467105 0.05865373416055819
1 0.3244953889641521 0.07250769259431741 0.034361711894930556 0.061560212873234696
1 0.35817102611928175 0.07641929643304471 0.03724105042954129 0.05709123416055817
1 0.8027575028250752 0.7769205850724192 0.12973616689245623 0.15852233020561535
3 0.8028792542954133 0.6010136489343896 0.14634381275401295 0.17836493664223277
3 0.7235470426276251 0.11208790672805984 0.0405298247398008 0.06043475544788164
3 0.7650351797827549 0.11654581378509583 0.03913109905006031 0.06345049480421991
3 0.8055782926276251 0.11782409052030093 0.04373671189493038 0.06221577673520513
8 0.4232471494796016 0.14479759185768326 0.07268058344622812 0.07980746832111633
8 0.5046609237898612 0.15360414532809347 0.07769563206674697 0.08638525025210156
0 0.5859928109449909 0.1608481987985037 0.08378185775648764 0.0836972928267485
5 0.7267815852552504 0.17380665672805984 0.04028416327441153 0.05574725544788164
5 0.767529415987945 0.17899118346326495 0.039294873360319824 0.06657549480421987
5 0.8067147467206397 0.18406644955480833 0.040447937584671224 0.05887225544788164