4 0.49889586473581493 0.4575618965213735 0.8294929787555414 0.7410700433589777
2 0.2287357167011348 0.2301756843814215 0.09611247867599956 0.07876774742375972
2 0.49277094470081656 0.2000778472565788 0.10868520401018138 0.08633155036458078
2 0.16477211935072647 0.11096344908552627 0.03811816534054513 0.057066408822462875
6 0.2271197673854067 0.3601916351166268 0.10488858935390813 0.16240137426177287
6 0.23191000143217727 0.7046407724328254 0.1050158586887262 0.17333887426177305
6 0.5022588640992682 0.6793547838375723 0.1081044960216353 0.17054232499697797
6 0.77098159209895 0.6487642706099217 0.10815904002227157 0.17522982499697798
6 0.2921249600174992 0.09836033162591278 0.04131589067472685 0.0636448595576681
6 0.32965223201781735 0.09676267280344991 0.030378390674726852 0.06249528198444978
6 0.3609113226845901 0.09425941545139752 0.031886346674090585 0.05797200735205239
5 0.4957879513844522 0.32491362188897616 0.11104768268618095 0.1552457757321834
5 0.7704714200747693 0.4704750452423191 0.11117495202099903 0.16618327573218322
5 0.7030806413510446 0.05673155994642387 0.03819089067472685 0.06331640882246288
5 0.7413255286839537 0.04958303844015968 0.03493862133990877 0.052050458087257626
5 0.7811692786839538 0.04539529156629289 0.03815452800763595 0.060191408822462864
5 0.22755721407540563 0.5322308604842293 0.11426358935390812 0.1633867264673885
1 0.29448634400859053 0.032406880890707535 0.03194089067472685 0.06265950735205239
1 0.32731702534213597 0.030520648171052534 0.02718066534054504 0.055916831249244535
1 0.35699543467536327 0.02732982224751317 0.028743165340545128 0.05465964449502634
8 0.41710677868395374 0.08365980221770322 0.06964088534372674 0.08378841617451527
8 0.4936692786839537 0.07561275920517486 0.06964088534372674 0.08378841617451524
0 0.5710312100174992 0.06904610350884519 0.07905224801081764 0.08789876838013097
1 0.49781517007476933 0.49913237188897613 0.12358404535327168 0.15968457867300428
1 0.7661368140515431 0.299627633293723 0.11889654535327185 0.1591919025701965
0 0.7545442387014529 0.17725759818314005 0.21028406667727229 0.10013119925875102
3 0.7038068000079541 0.009737769495026338 0.038263616008908666 0.019475538990052676
3 0.7420789593411815 0.0056086583742916305 0.03194089067472703 0.011217316748583261
3 0.7811687313414997 0.006063816646861503 0.0382454346753633 0.012127633293723006