4 0.47559057141011324 0.4935748215213359 0.8638292813030656 0.6594690288758789
2 0.7264068900424492 0.7505980229239506 0.09971820018457009 0.06930451190385671
2 0.4621941957179752 0.7514055022394952 0.1126187183831675 0.07562723477649361
2 0.7808464612956788 0.8767428872871352 0.04090440468807692 0.05334316861791066
6 0.7378426426633429 0.6209287036421098 0.11283756631598418 0.15216246369925485
6 0.7591399583610181 0.27639290846257003 0.11353847316352947 0.16309996369925478
6 0.48902771746031676 0.27169527634179613 0.11646321406423077 0.159993144417414
6 0.22012752313584277 0.2724754845801019 0.11676360271317873 0.16468064441741398
6 0.6535527760705035 0.8752207730221464 0.044429922886674335 0.05961134933607006
6 0.6162029703949774 0.8726588544042355 0.03349242288667416 0.0595477168225127
6 0.5850030351698021 0.8716957972226431 0.03475453423772627 0.05486930718159257
5 0.4686420596899209 0.6263964118804155 0.11858691856773759 0.1443863251355733
5 0.2071502544758202 0.45059139422102235 0.1208503254152828 0.15533291549465283
5 0.24271540562015276 0.8712675085842069 0.04130492288667416 0.05959316861791066
5 0.20423389652085416 0.8741697947867564 0.037479016039128954 0.04863748789975162
5 0.16439014652085415 0.8739379906302261 0.04110466378737554 0.056468168617910666
5 0.7504193931247681 0.4490627940011894 0.12221256631598418 0.15221700585373252
1 0.646222334985232 0.9408275923039874 0.03505492288667433 0.05955680718159258
1 0.6135099645348813 0.9390741947633152 0.029966904688076924 0.0532795361043533
1 0.5837723997600566 0.9396827279408025 0.031529404688076926 0.05328862646343282
8 0.5284526465208541 0.876056044295777 0.07521884793281668 0.07697156615858276
8 0.45189014652085413 0.8756106167008758 0.07521884793281668 0.07697156615858276
0 0.3746465260705035 0.8735981439264346 0.08323160703211538 0.08014201795398108
1 0.4798065044758202 0.4521776618804155 0.13128717766703613 0.14758404800821018
1 0.19852981878921952 0.6216987797596417 0.12659967766703617 0.14755677693097127
0 0.20077583436692317 0.7451953670936592 0.21438147748246603 0.07934310811666875
3 0.236546946336284 0.9431334182251273 0.04170544108527148 0.06584316861791066
3 0.19821563156145935 0.9436919544276767 0.0350549228866742 0.05955680718159222
3 0.15930332588593335 0.9411209454506864 0.04160531153562217 0.06428066861791067