4 0.49296875 0.509375 0.82109375 0.6546875
2 0.22578125 0.25390625 0.0953125 0.06953125
2 0.48984375 0.2515625 0.1078125 0.07578125
2 0.16328125 0.128125 0.03671875 0.05390625
6 0.22265625 0.38359375 0.103125 0.1515625
6 0.2234375 0.728125 0.103125 0.1625
6 0.49375 0.73125 0.10546875 0.16015625
6 0.7625 0.72890625 0.10546875 0.1640625
6 0.290625 0.12890625 0.03984375 0.059375
6 0.328125 0.13125 0.0296875 0.06015625
6 0.359375 0.13203125 0.03046875 0.0546875
5 0.49140625 0.3765625 0.109375 0.14453125
5 0.7640625 0.55078125 0.11015625 0.1546875
5 0.7015625 0.13046875 0.03671875 0.05859375
5 0.73984375 0.12734375 0.03515625 0.0484375
5 0.7796875 0.12734375 0.0375 0.05625
5 0.22109375 0.55546875 0.11328125 0.1515625
1 0.29375 0.06328125 0.03125 0.059375
1 0.3265625 0.06484375 0.0265625 0.05390625
1 0.35625 0.0640625 0.02890625 0.05234375
8 0.415625 0.12734375 0.06953125 0.0765625
8 0.4921875 0.12734375 0.06953125 0.0765625
0 0.56953125 0.12890625 0.07734375 0.0796875
1 0.49140625 0.55078125 0.121875 0.14765625
1 0.76171875 0.3796875 0.1171875 0.146875
0 0.7515625 0.25625 0.209375 0.078125
3 0.703125 0.05859375 0.0375 0.065625
3 0.74140625 0.0578125 0.03125 0.059375
3 0.78046875 0.06015625 0.0375 0.0640625