2 0.16875 0.0890625 0.0375 0.06484375
4 0.50703125 0.49765625 0.84296875 0.665625
6 0.2375 0.21875 0.10546875 0.08359375
6 0.78125 0.35078125 0.103125 0.159375
6 0.5078125 0.721875 0.10390625 0.16015625
6 0.2265625 0.53984375 0.10859375 0.17265625
6 0.3015625 0.0875 0.03359375 0.0609375
6 0.3359375 0.08828125 0.03359375 0.05546875
6 0.36875 0.0890625 0.03125 0.0609375
3 0.50546875 0.21875 0.12734375 0.0796875
3 0.7234375 0.0265625 0.040625 0.04609375
3 0.76171875 0.025 0.03984375 0.05
3 0.80234375 0.02734375 0.0390625 0.0546875
1 0.30078125 0.02421875 0.034375 0.0484375
1 0.33515625 0.0265625 0.03125 0.053125
1 0.3703125 0.0265625 0.034375 0.05234375
8 0.428125 0.0875 0.07265625 0.078125
8 0.5078125 0.0890625 0.0734375 0.07421875
0 0.584375 0.08671875 0.08046875 0.0765625
5 0.72421875 0.084375 0.0390625 0.05625
5 0.76171875 0.08671875 0.03828125 0.05625
5 0.8 0.084375 0.0375 0.05625
5 0.76796875 0.2140625 0.10390625 0.0703125
5 0.23125 0.3515625 0.1125 0.14609375
5 0.50703125 0.3484375 0.11171875 0.15234375
8 0.5046875 0.53671875 0.2125 0.18828125
0 0.228125 0.7234375 0.225 0.17109375
3 0.78671875 0.534375 0.13671875 0.17421875
1 0.78203125 0.71796875 0.11953125 0.159375