2 0.7994393615411111 0.828456111066133 0.03979167549789579 0.06934596491430974
4 0.4754265197006299 0.45342856539730264 0.8669941371929445 0.74934671057197
6 0.7352181488345721 0.7055903800757012 0.10919643992586625 0.09491773392387763
6 0.19607878168152942 0.627513121333193 0.10869049763774732 0.16960765351435186
6 0.48247516098510773 0.2292873354996841 0.10869049763774719 0.16960765351435195
6 0.757368489663563 0.3834113486423607 0.11537700725639403 0.18272781433340352
6 0.6665722978387801 0.8431970284709802 0.03650298439090349 0.06434838450478395
6 0.6322245796899456 0.8458266629757641 0.036339293283910834 0.05966088450478395
6 0.5994393615411111 0.8483012572757854 0.03337798439090349 0.06403830409525782
3 0.4672493988345721 0.7321797751925397 0.13090774881887376 0.09240079679055846
3 0.24256931344787686 0.9459953837569653 0.042261911069925696 0.05090604532383551
3 0.20423349974554594 0.9513563687736566 0.04237103847458741 0.054031045323835514
3 0.16369034529904222 0.9530436640974923 0.04097222958157998 0.0585635051190728
1 0.6651437178943805 0.9064007583685989 0.03606647477225664 0.05184838450478395
1 0.6308505634478768 0.9074678928733828 0.033105165879249124 0.05622580409525817
1 0.5956943134478768 0.9109562974805483 0.03623016587924912 0.05653588450478395
8 0.5400097978387801 0.8557552850567758 0.07460318511654265 0.08525684941909369
8 0.4603768615411111 0.862099835499684 0.0760565577118811 0.08228688962385675
0 0.38373251598761476 0.8720405555330665 0.08392362141421188 0.08462459064767103
5 0.2438069204341185 0.8882604038593467 0.04102679328391083 0.0601260051190728
5 0.20638876598761477 0.8896376187736565 0.03946429328391084 0.059970964914309734
5 0.16802567043411848 0.8957798537903479 0.03946429328391084 0.059970964914309734
5 0.20458570772757953 0.7629140295927082 0.10714286660488845 0.08070019371911492
5 0.7461060635326948 0.5721577192566494 0.11762898801910034 0.1580378947429292
5 0.4702156861280331 0.6026473153973027 0.11784724282842376 0.16428789474292937
8 0.47913436225890127 0.41413350509015834 0.21904764427970277 0.20858546784775545
0 0.7622172246874385 0.19997263884712363 0.23100200725639403 0.19420078948585867
3 0.19702126670540498 0.44446201204986313 0.14361113466105585 0.1886435380191358
1 0.20812000172928052 0.2604031414355744 0.12587799763774726 0.17131309576674392