2 0.05519165802458372 0.8395643415140472 0.06715300790866538 0.043626356905087246
4 0.47756931270066943 0.539426956530247 0.7000051779449714 0.905888762894459
6 0.18768050585713697 0.782921189683625 0.0887043557412186 0.11412674459225532
6 0.3418678705327852 0.2514968363140987 0.16357702174882985 0.11800329534092677
6 0.7018198961987666 0.5595774259559626 0.16357702174882965 0.11800329534092668
6 0.5083285868837762 0.8238340788263745 0.17633168973360752 0.1254202204657055
6 0.059040852701107004 0.70660597587345 0.06233817391627661 0.040063759983295456
6 0.06122277661738362 0.6723039086937487 0.05765067391627663 0.03962616306150366
6 0.06334103353746584 0.6395643415140473 0.06221083992388783 0.036938759983295454
3 0.1985993957044751 0.514952439683625 0.08490819368794011 0.13556414767046335
3 0.019779306312059895 0.2790422158901545 0.03955861262411979 0.04500096921791963
3 0.020559227015441196 0.24061510024955712 0.04111845403088239 0.04529270049911425
3 0.023714731216919686 0.2002088987104531 0.04742946243383937 0.04416779742090622
1 0.010323428080574057 0.7014796674292585 0.020646856161148114 0.038896834858516985
1 0.01333568154061517 0.6673234658901545 0.02667136308123034 0.03620943178030896
1 0.014083768745899266 0.6321672158901545 0.028167537491798532 0.03933443178030895
8 0.06419787939285271 0.5800434758734501 0.08111734882113639 0.08073078202986608
8 0.06900739619876668 0.5005018415140473 0.0779923488211364 0.08043905074867155
0 0.06978332901229187 0.4237205430531514 0.07987318380210835 0.08839741638926882
5 0.0731377751716899 0.2836579945922554 0.05784167490485979 0.04431366306150357
5 0.0770095330803553 0.24637679305315136 0.057778007908665385 0.042751163061503575
5 0.0762256244871179 0.20787674459225536 0.057778007908665385 0.042751163061503575
5 0.20460795106513285 0.25201484276183306 0.07451452174882985 0.10968895382687949
5 0.3202383378723594 0.8015697691343974 0.1514590237259962 0.1262113702161482
5 0.3283505627006695 0.5254967878532026 0.1577090237259962 0.12679483277853762
8 0.5165363122063779 0.54541734754518 0.1961587114824372 0.2300038768716785
0 0.6919860038799707 0.8394107915965598 0.18104304745199223 0.2410452204657055
3 0.5256844550194655 0.263167299084284 0.18060269566510634 0.15383695174690004
1 0.7090872040308824 0.28499401185446926 0.1642136917107738 0.13362829534092685