5 0.05902684480655231 0.27219264168693946 0.059091580083912576 0.03782725292686617
5 0.06042432406062792 0.2331392320460191 0.058854781743586534 0.03470225292686617
5 0.06338430331470352 0.1940767320460191 0.059091580083912576 0.03782725292686626
2 0.021654592832206207 0.8394210483027977 0.043309185664412414 0.03944429508134384
6 0.027497407356675486 0.7050278675846385 0.05499481471335097 0.03786361436318479
6 0.029249622813550258 0.6675324127641783 0.058499245627100516 0.03475679508134384
6 0.030072589307721255 0.634729003123258 0.06014517861544251 0.03320338544042371
8 0.035766943561796855 0.576135253123258 0.07153388712359371 0.07232951795398072
8 0.039324746363657744 0.49409036758463853 0.07864949272731549 0.07543633723582169
0 0.04909296990679864 0.4135943465073996 0.08584425684847725 0.0817136083130606
3 0.01306591721679506 0.2733056897933456 0.02613183443359012 0.040888620413308895
3 0.014545906843832859 0.23268068979334555 0.029091813687665717 0.0377636204133089
3 0.01614429564103368 0.19361818979334555 0.03228859128206736 0.0440136204133089
4 0.45693951347323997 0.49321665135130094 0.7601952452493371 0.8602952097904298
5 0.1440321586947107 0.7683540484991894 0.08316954274124866 0.10824883723582168
6 0.2795552615991401 0.7730319372592628 0.16766294191141168 0.11030221662612102
6 0.4922141626434029 0.49144961827200967 0.18629454274124874 0.10884880093507654
5 0.16775861430307687 0.4964608677810302 0.0848504419114117 0.10982042759490121
8 0.19101147323079096 0.23081768706287104 0.1061352912913561 0.20521474082661778
0 0.33119876534733966 0.21516489510478504 0.19493768216314944 0.22291130093507644
1 0.5134668136876657 0.21098086827200957 0.17197193361304192 0.12594539734428026
0 0.46045006408865097 0.7766649556060271 0.20454948050347532 0.22609084308955402
2 0.6732865638881584 0.4927388866187739 0.16837333693238996 0.11967721662612085
2 0.6442214128438956 0.7732530884141721 0.1681365385920639 0.11655221662612085
8 0.3092240638881584 0.49485694028432486 0.19758908548249732 0.21667948165323575
5 0.6998895657622581 0.2138008203619953 0.1618865385920639 0.11651585518980259