5 0.08444673254683432 0.2731198583130605 0.05690456493480815 0.03782725292686617
5 0.08220239407307582 0.2340482679539809 0.056850017856907464 0.03470225292686617
5 0.08152055559931733 0.19498576795398087 0.05690456493480815 0.037827252926866214
2 0.08731577718580774 0.8402664516972023 0.06630683847375848 0.03944429508134384
6 0.08809525283607851 0.7059096324153614 0.06315456493480816 0.03786361436318479
6 0.08665943790127033 0.6684050872358217 0.06622501785690749 0.03475679508134384
6 0.0845241935833132 0.635583496876742 0.06776024431795716 0.03320338544042371
8 0.08350143587267544 0.576989746876742 0.07937958279171564 0.07232951795398072
8 0.08441332507778261 0.4949721324153614 0.07630912986961631 0.07543633723582169
0 0.08769623782184009 0.4145306534926004 0.08110572402541767 0.0817136083130606
1 0.031817979297128166 0.7040198794884953 0.03968979139585782 0.03616475897699054
1 0.03042307467074551 0.6688590843089555 0.038045470779006794 0.03146816861791084
1 0.029041806813838035 0.6344795391294156 0.036592064934808155 0.037709078258831144
3 0.027429119316309498 0.2735693102066544 0.04602161201270884 0.040888620413308895
3 0.026720007303600656 0.23294431020665446 0.045967064934808156 0.0377636204133089
3 0.026038168829842157 0.19388181020665446 0.04607615909060951 0.0440136204133089
4 0.5031905986167329 0.49897084864869906 0.7102583993447862 0.8602952097904298
5 0.21577596793304243 0.7707084515008106 0.07688187418757346 0.10824883723582168
6 0.35180892531936864 0.7769680627407373 0.16128414772652383 0.11030221662612102
6 0.5383195750777826 0.49761288172799034 0.18000687418757338 0.10884880093507654
5 0.2141553721556833 0.4988516322189698 0.07847164772652385 0.10982042759490121
8 0.2126438705341255 0.233244812937129 0.09419783360249454 0.20521474082661778
0 0.3514472719140973 0.21921010489521492 0.18199784253094825 0.22291130093507636
1 0.5334239748361966 0.21714413172799038 0.1646818831160271 0.12594539734428026
0 0.5331407459362196 0.782710044393973 0.19142738960884884 0.22609084308955402
2 0.7196104853862081 0.5010111133812261 0.16144778896022577 0.11967721662612085
2 0.7166935856277942 0.7814344115858279 0.16139324188232518 0.11655221662612121
8 0.3555479853862081 0.49889305971567516 0.18501374837514692 0.21667948165323558
5 0.7202109086835724 0.2221366796380047 0.15514324188232517 0.11651585518980259