5 0.72734375 0.0796875 0.03828125 0.05546875
5 0.76640625 0.078125 0.03515625 0.05625
5 0.80546875 0.078125 0.03828125 0.05625
2 0.16015625 0.07265625 0.0390625 0.065625
6 0.29453125 0.07578125 0.03671875 0.06328125
6 0.33203125 0.075 0.03359375 0.065625
6 0.36484375 0.0734375 0.0328125 0.0671875
8 0.4234375 0.0734375 0.071875 0.078125
8 0.50546875 0.07578125 0.07578125 0.07578125
0 0.5859375 0.08046875 0.08125 0.0796875
1 0.29609375 0.01953125 0.0359375 0.0390625
1 0.33125 0.01875 0.03125 0.0375
1 0.365625 0.01796875 0.03671875 0.0359375
3 0.7265625 0.02265625 0.040625 0.0453125
3 0.7671875 0.02265625 0.0375 0.0453125
3 0.80625 0.02265625 0.04296875 0.0453125
4 0.50390625 0.49453125 0.85625 0.6953125
5 0.23046875 0.20234375 0.1078125 0.07421875
6 0.225 0.33828125 0.109375 0.16015625
6 0.50546875 0.5296875 0.1078125 0.17734375
5 0.50234375 0.20546875 0.11015625 0.0765625
8 0.76796875 0.20859375 0.2046875 0.090625
0 0.7828125 0.34765625 0.22265625 0.17890625
1 0.7859375 0.5296875 0.12421875 0.16171875
0 0.2203125 0.51953125 0.225 0.18828125
2 0.503125 0.7109375 0.11875 0.15859375
2 0.22265625 0.703125 0.11640625 0.16015625
8 0.503125 0.346875 0.21484375 0.18125
5 0.78203125 0.71640625 0.11640625 0.15390625