4 0.4921875 0.5375 0.821875 0.65390625
6 0.2359375 0.26171875 0.10078125 0.075
3 0.49609375 0.265625 0.121875 0.07734375
1 0.75078125 0.26640625 0.11171875 0.06328125
2 0.23046875 0.3859375 0.1109375 0.14765625
5 0.4953125 0.39609375 0.1078125 0.14375
5 0.7578125 0.3953125 0.11015625 0.1390625
0 0.22578125 0.56328125 0.21640625 0.17421875
8 0.4953125 0.571875 0.20703125 0.18203125
6 0.76328125 0.5671875 0.1046875 0.16171875
6 0.23125 0.73828125 0.1015625 0.146875
6 0.49765625 0.7453125 0.1 0.1453125
3 0.75859375 0.740625 0.12578125 0.146875
2 0.16640625 0.1421875 0.03984375 0.06484375
1 0.29609375 0.07890625 0.0328125 0.05390625
1 0.328125 0.08046875 0.03046875 0.053125
1 0.3625 0.08046875 0.0359375 0.05703125
6 0.296875 0.1453125 0.0359375 0.06015625
6 0.33046875 0.14375 0.03203125 0.0609375
6 0.3625 0.14140625 0.0296875 0.06796875
8 0.4203125 0.14453125 0.07109375 0.06953125
8 0.49765625 0.1453125 0.06640625 0.06015625
0 0.5734375 0.14375 0.0765625 0.07265625
3 0.7078125 0.08125 0.03828125 0.065625
3 0.74609375 0.08203125 0.03203125 0.0671875
3 0.7828125 0.0796875 0.040625 0.06796875
5 0.7078125 0.14765625 0.03671875 0.05625
5 0.74453125 0.14375 0.03515625 0.0609375
5 0.7828125 0.14140625 0.03828125 0.059375