4 0.43957599876165493 0.5002604675293008 0.691404443337681 0.8332753392812421
6 0.7272922843270155 0.24882424715403567 0.0796575748547749 0.10130912986961631
3 0.7112690622438903 0.5089123133066598 0.08380141935425697 0.12323867694751697
1 0.6986255512856354 0.7635861765371846 0.0677397717116218 0.11359094155801372
2 0.603328245451886 0.24118725080748363 0.15204199710451577 0.11350121266133195
5 0.5808366995474432 0.5058537228043064 0.14877144789030422 0.11032166558343129
5 0.5693918155536591 0.7683673595737815 0.14415672249741007 0.11180234496658023
0 0.4262028192732036 0.23340420413662005 0.18504289578060842 0.21867963636243806
8 0.4050554495474432 0.5027854496723931 0.19085624813797325 0.2094137305182393
6 0.3972621044287886 0.7708360202892441 0.16737589867609248 0.10752394805083547
6 0.2509481081483331 0.23581831777418194 0.15160534946188076 0.10412621266133196
6 0.23150878763678442 0.5021018368489054 0.1499700748547749 0.10253643912238157
3 0.22404292825010624 0.7631211574657565 0.15269696856846862 0.12756371266133187
2 0.8500620043432262 0.18137942288373665 0.06751713978475245 0.0417704886359143
1 0.9073029619534401 0.31217150121122544 0.05465326674922295 0.03373980032431163
1 0.90424858250777 0.3441754776722751 0.054580492142117264 0.03217730032431163
1 0.9026475411514412 0.37855047767227507 0.057923815963434676 0.03691934740221221
6 0.840860324649887 0.31179362580583597 0.06104881596343468 0.03697389448011297
6 0.8408581705971112 0.34541464934478633 0.062392992142117264 0.032313668019063255
6 0.8417100411514411 0.3774868096532118 0.07013271753501157 0.030887535713814883
8 0.8358923806885243 0.43524476257531114 0.07209763192686935 0.07307503571381506
8 0.8315087876367844 0.5125748758058359 0.0624315334984459 0.06666139448011296
0 0.8295417191921504 0.5883833993447862 0.07544095574818713 0.07781708279171565
3 0.8857831029810466 0.7238493409028 0.06737159057054072 0.038645488635914306
3 0.8832188751069531 0.7621169541333248 0.06864299214211726 0.032422762174864596
3 0.8838524218399655 0.7988766144417502 0.07064213978475209 0.041825035713814886
5 0.8193768529810466 0.7226902154974104 0.05799659057054072 0.03848184740221221
5 0.8215728997140589 0.7594771493447863 0.06261131596343468 0.03700116801906326
5 0.8221336718399656 0.7977993096532118 0.061194365177646405 0.040098894480112966