4 0.45145818546391975 0.5088333425733675 0.8713658531281441 0.7009937676393927
6 0.21610563899769347 0.24797695548755078 0.10568316016782511 0.08082433674699833
3 0.4759658910722859 0.23673082941918794 0.12779495850815117 0.0852234104104042
1 0.7305941914872044 0.2226782217666765 0.11723596680652086 0.06905237884037314
2 0.20122415496973306 0.3725142239034023 0.12206702199532424 0.1533363735787013
5 0.46529831036367336 0.3672450820500238 0.1187052236549981 0.15002936305535758
5 0.7278575099487549 0.35117494808915317 0.11991252614450901 0.1454328683170294
0 0.18309834915622986 0.5501309896884179 0.2288857070582587 0.1875587261107153
8 0.45197840372033327 0.5430263320500238 0.2199843037389108 0.19326269454068418
6 0.7203023512308222 0.5227314296733017 0.11700101369695445 0.168597352532014
6 0.17530639209797116 0.7248124712725664 0.11269202199532424 0.15279034200867017
6 0.44117984583223757 0.716327324157516 0.1110111228251613 0.15113683674699843
3 0.7024725433427266 0.6964419454583173 0.13612952199532416 0.15415542093374804
2 0.15563192551516483 0.13249543963194807 0.04559776514684701 0.06799113680346806
1 0.2901145919067673 0.061660752913184604 0.03683807178554286 0.055036110495108835
1 0.3220274427366043 0.0613576450489117 0.03527557178554286 0.054945105233436965
1 0.35640244273660426 0.05935552929213102 0.04019987012586892 0.058343121018452536
6 0.2858638771748388 0.12802150028234868 0.04043666846619498 0.06146812101845249
6 0.3195760263450018 0.12450238715640394 0.03586756763635801 0.06275760523343701
6 0.3517848751002463 0.12029302929213101 0.03489706348717307 0.07047909997176513
8 0.4093605767599203 0.12005083461027262 0.07708456348717299 0.07293624203690507
8 0.4866451271748387 0.11632732415751605 0.0701241684661948 0.06319722099021767
0 0.5625447763450018 0.11035106896643139 0.08200886182749904 0.0763342578219206
3 0.7016557431515228 0.040024616462652374 0.042472765146846926 0.0678091262801244
3 0.7398777935664412 0.03857623755169207 0.036341164317009955 0.06900760523343699
3 0.7767741423216858 0.03482596615206883 0.045834563487172984 0.06965193230413766
5 0.6966237784195942 0.10643086646265236 0.04176237012586892 0.05843412628012441
5 0.7336385263450017 0.10038599281336391 0.03899256763635783 0.06293961575678067
5 0.7720973751002462 0.09581261390240361 0.0419991684661948 0.06155912628012437