4 0.5518236502147706 0.5048194812619579 0.8963526995704587 0.9223906454487218
6 0.8878219838303408 0.2046440218810055 0.12464587516934209 0.11388178134945379
1 0.9140723818396046 0.49670425254618733 0.12686347241038015 0.12639996268299925
3 0.9124024977366926 0.7929979972151873 0.12628361827193685 0.1451317813494537
8 0.7117131852098219 0.20043942190486802 0.2277442989592032 0.23375902402927143
6 0.7335217446844748 0.4972416965706863 0.20277087516934209 0.11479084802672616
1 0.7361675463572115 0.8013024879058225 0.19289790818602892 0.13497607869190809
3 0.4803403544771273 0.20078650926959382 0.21847111827193721 0.14620448002863506
2 0.5054786318396045 0.5014586712683211 0.21880531094499087 0.12278516136218051
5 0.5033959899347764 0.8047927566040938 0.20983974672063965 0.13048857336090763
6 0.2525838466752111 0.21047223396722878 0.2058958751693421 0.11482721069381689
5 0.27098080110690986 0.5018421213001378 0.20013719810012062 0.12412948535963508
6 0.26166219131425733 0.8013517726368651 0.1966846494796016 0.117843122692544