4 0.5109375 0.47421875 0.91171875 0.84921875
6 0.21484375 0.1234375 0.1125 0.11796875
1 0.50703125 0.1125 0.12578125 0.1203125
3 0.803125 0.1296875 0.14296875 0.11796875
8 0.20859375 0.29921875 0.23203125 0.21640625
6 0.50546875 0.29296875 0.11171875 0.19609375
1 0.809375 0.30625 0.1328125 0.1859375
3 0.20625 0.53046875 0.14453125 0.2109375
2 0.50703125 0.52109375 0.1203125 0.21328125
5 0.81015625 0.5390625 0.128125 0.20390625
6 0.21328125 0.75859375 0.11328125 0.20078125
5 0.5046875 0.75546875 0.121875 0.19453125
6 0.80390625 0.78046875 0.11484375 0.190625