4 0.5168628027632388 0.4794803993162862 0.8659277467469986 0.9589607986325724
6 0.8728123883943283 0.14329057996702568 0.12071369480442443 0.1221934775802247
1 0.8786497366106147 0.4345852596635839 0.12249438311602709 0.13482102333785928
3 0.8562939009795253 0.7320820129975638 0.12125916558343128 0.15344347758022464
8 0.6971402325501297 0.15138947770091088 0.21966148376465036 0.24885131455356588
6 0.6982082601495649 0.44775429467037275 0.19883869480442443 0.12857076546195145
1 0.6796223068237239 0.7527446836102663 0.1882557508107789 0.14799044515850976
3 0.4659311428585551 0.16792249983082214 0.21344666558343128 0.16096867728066228
2 0.4700559866106147 0.4679384752850149 0.21460006249917624 0.13765872303829685
5 0.4467961700542487 0.772530251497812 0.20536143019392786 0.1447059484924896
6 0.2376834119332786 0.1935754304454643 0.2019636948044245 0.12882585697722054
5 0.23572189691904016 0.4847265889301952 0.19587733603812651 0.13769067394668238
6 0.20549901421005007 0.7859860710523477 0.19264324188232518 0.1311855824314133