8 0.26807846578456723 0.1890625 0.0749931837335172 0.05625
8 0.33387688755494266 0.1875 0.0628400272742681 0.059375
8 0.39360043516231435 0.1984375 0.0734306837335172 0.05625
8 0.5858772021474332 0.21875 0.0644025272742681 0.059375
8 0.6409991086066823 0.221875 0.055896340192766306 0.053125
0 0.6987248977214945 0.22265625 0.06631187081501917 0.0625
0 0.14935147068394672 0.37890625 0.2793185035931799 0.1796875
0 0.44260421027219976 0.5734375 0.255534160052429 0.1765625
2 0.1673048840843604 0.25234375 0.11718068373351716 0.05625
2 0.47208165106947925 0.27265625 0.1071119966520154 0.05
3 0.7506436136286594 0.296875 0.13644924497802294 0.075
3 0.45374560872927977 0.54375 0.9074912174585595 0.659375
1 0.7449283635060617 0.41171875 0.13401111579304192 0.1375
6 0.12628381912407718 0.565625 0.14685455120055155 0.16875
6 0.421270776416085 0.74453125 0.13661414641529496 0.146875
6 0.7033887373012727 0.74375 0.12394242871154013 0.13125
7 0.7296706558462611 0.57734375 0.1222048028745439 0.14375
7 0.10729498730127277 0.74375 0.14095480287454393 0.14375
7 0.4650648856357552 0.3921875 0.12567664641529497 0.146875