8 0.7534369335123412 0.7819690167315518 0.07169793758467105 0.05905134783255317
8 0.687893820667471 0.7862055305717164 0.05936171189493056 0.061667011862997965
8 0.6263831105815627 0.7777510434232976 0.07013543758467104 0.05898768083635879
8 0.430787327564876 0.7653650844494994 0.06092421189493056 0.06173067885919252
8 0.3751548032546165 0.7645002628144002 0.05278416327441153 0.05516234387822046
0 0.3173013596770516 0.7660746916735927 0.06265048620519006 0.0649193458553869
0 0.8411438941640764 0.5881460794694024 0.26879202283992143 0.19025622136826909
0 0.5161051933504223 0.40644372920257227 0.2451907485296619 0.18617621642535304
2 0.8438705037295863 0.7148677469598883 0.11388543758467087 0.06077035672980173
2 0.5357747207128994 0.7070658117120863 0.1041828889641522 0.05413835475263547
3 0.2532554698083883 0.6943071210270768 0.1336180834462281 0.08028436068413444
3 0.537691429782755 0.43511255726346204 0.9246171404344901 0.6960471898079694
1 0.24020551390635156 0.5797498725099516 0.1259560696514182 0.1423386917107738
6 0.833702129126071 0.4013318289751108 0.13696881275401332 0.17397069368794008
6 0.5094822998637144 0.2352544787082807 0.12800989258219672 0.15177735870696818
6 0.2274919934412793 0.24752762152136834 0.11625352103089917 0.13570668973360736
7 0.2284004754625979 0.4142522065023403 0.11534611827193722 0.14814302273741298
7 0.8235857434412793 0.22323866247320803 0.13253361827193721 0.14884335969555132
7 0.5232603533454735 0.5877892296968639 0.11707239258219673 0.15133168973360753