8 0.2890625 0.1890625 0.06796875 0.05703125
8 0.3546875 0.1875 0.05625 0.06015625
8 0.415625 0.1984375 0.0671875 0.05546875
8 0.61015625 0.21875 0.0578125 0.05859375
8 0.665625 0.221875 0.04921875 0.05234375
0 0.7234375 0.22265625 0.06015625 0.0625
0 0.19140625 0.37890625 0.26015625 0.1796875
0 0.50625 0.5734375 0.2359375 0.1765625
2 0.1953125 0.25234375 0.1109375 0.05546875
2 0.50234375 0.27265625 0.1015625 0.05078125
3 0.78359375 0.296875 0.12890625 0.07421875
3 0.48125 0.54375 0.90078125 0.65859375
1 0.790625 0.41171875 0.11953125 0.1375
6 0.1890625 0.565625 0.12890625 0.16796875
6 0.50390625 0.74453125 0.1203125 0.14765625
6 0.7859375 0.74375 0.10859375 0.13125
7 0.79375 0.57734375 0.10703125 0.14453125
7 0.18984375 0.74375 0.12421875 0.14296875
7 0.50859375 0.3921875 0.11015625 0.14765625