4 0.46875 0.52734375 0.85859375 0.7484375
6 0.196875 0.5515625 0.121875 0.20390625
6 0.4953125 0.771875 0.10703125 0.17109375
6 0.76484375 0.24296875 0.09609375 0.07265625
8 0.4984375 0.56484375 0.22421875 0.21875
8 0.2953125 0.10859375 0.06171875 0.0734375
8 0.35625 0.109375 0.0609375 0.075
8 0.41875 0.11953125 0.0609375 0.06796875
8 0.6 0.14609375 0.0546875 0.0703125
8 0.653125 0.146875 0.0484375 0.07578125
0 0.709375 0.1515625 0.0578125 0.078125
0 0.2 0.33125 0.25078125 0.21640625
7 0.5015625 0.36015625 0.10625 0.17578125
3 0.77109375 0.38515625 0.1234375 0.17734375
2 0.20546875 0.184375 0.1078125 0.06171875
2 0.49765625 0.21484375 0.09609375 0.06640625
1 0.77265625 0.58359375 0.1171875 0.178125
7 0.7671875 0.77734375 0.0953125 0.15703125
7 0.19765625 0.77265625 0.1171875 0.1765625