4 0.5285001663784156 0.4448146172558844 0.8637292819991369 0.7934754353213636
6 0.8005160669441498 0.4063475022633075 0.12306583703942983 0.21107469810012064
6 0.5033603075743758 0.20167544889309016 0.10724993949875791 0.17744332654882305
6 0.23075197102592523 0.7447072331529723 0.09729315651766246 0.07695200361804452
8 0.49903083499632644 0.4088704732033497 0.2262726502711466 0.23054175033868418
8 0.699501450145078 0.8544751430364819 0.06292724687674198 0.07671298620519025
8 0.6385684953246179 0.8568874920865422 0.06137383723582168 0.07819359905006032
8 0.5761275826586354 0.8500067282917323 0.06133747579950324 0.07194359905006031
8 0.39503211876298894 0.8329431382867835 0.05509656615858276 0.07317855042954129
8 0.3419116639425287 0.8349460515611952 0.048873837235821685 0.07753850180902226
0 0.2856889350197676 0.8332064891458663 0.058267017953980905 0.0811548247398008
0 0.7961093263139236 0.626823776573567 0.2512635599120667 0.23028944482076028
7 0.4947149979568966 0.6137217475136092 0.10726812021691715 0.18056832654882307
3 0.22532919370217042 0.6028472817734913 0.12447380093507646 0.1845940852552504
2 0.7897860825604395 0.7739853816165212 0.10817611436318479 0.068150213703953
2 0.49777584456249213 0.7588295296257848 0.09725679508134384 0.07070200361804453
1 0.22492116930528186 0.4044916689286211 0.11822380093507637 0.18426653663473136
7 0.2315171238311545 0.21045506388566698 0.09622153590796181 0.16124511646291487
7 0.8010211027539157 0.1852946958408724 0.11821471057599667 0.18270403663473136