4 0.5547989413654879 0.44791288358400844 0.8904021172690243 0.7884635339082215
6 0.8397306324411117 0.41103135194758933 0.13858349425012406 0.2103639193542568
6 0.5233091806146422 0.20461880190480802 0.12028003333979882 0.17682367328319834
6 0.2969521695739324 0.7460786716305685 0.10274210485118865 0.07638702564056317
8 0.5370839935012182 0.41179560111901975 0.24285640606883482 0.22922954342324342
8 0.7774523547305024 0.8585849021952583 0.0684946506088231 0.07634848428423417
8 0.7164510818516852 0.8606418618723868 0.06705969636645773 0.07783820967712814
8 0.6531220344270607 0.853396596156621 0.06654951333591956 0.07158820967712849
8 0.46970375654727353 0.8352759505809004 0.06042705909355419 0.07285961124870503
8 0.4165149836684563 0.8369690372224996 0.05455969636645772 0.07725601282028158
0 0.35988234639555267 0.8349014230783105 0.0641897878817268 0.08081766046291676
0 0.8545895842675811 0.6314894011618011 0.26772886031120036 0.22883143713693704
7 0.5506674877513422 0.6166286503332314 0.1205351248550679 0.17994867328319836
3 0.27909550562918967 0.6041822700589918 0.13797771637033698 0.18387419396136268
2 0.8611101354852273 0.7786191122866716 0.11291433030538159 0.0675214478903042
2 0.566435493211354 0.7617592138154669 0.10223192182065048 0.07013702564056316
1 0.26133469440960366 0.4058175446660977 0.13172771637033698 0.18358309553293922
7 0.2509877704629213 0.21181283354122726 0.1080670757634536 0.1606892510334573
7 0.8209016577358248 0.18997398925114223 0.13160017061270252 0.1820205955329393