4 0.566834275454306 0.547767562427534 0.779886321425834 0.9044648751449321
2 0.2269230159550007 0.8045273586442105 0.07434799620027785 0.11211710485118864
2 0.25204442363069485 0.5102670466757184 0.0742752610179167 0.10899210485118864
0 0.3731986039109034 0.8242653869830395 0.21850065254479195 0.2751587230382967
0 0.5997188574262852 0.5394272277494025 0.20858013867708358 0.2509559484924896
6 0.2792192937873265 0.23722803046486093 0.0742752610179167 0.10899210485118864
6 0.5998520228888549 0.8466657718400471 0.20298214247680554 0.1444508569772207
7 0.811516221502084 0.8616044719995266 0.1762741721120836 0.13603257909743363
7 0.8057999775829169 0.2809922007876994 0.1602127610179167 0.11600712152108805
6 0.8122370412218753 0.5575547007876993 0.18074346656499998 0.12704021637033697
7 0.39568532085715313 0.5173137563780956 0.182233231382639 0.12404276212797143
3 0.42364144101378487 0.2443385130460555 0.19516964247680574 0.14381312818904785
1 0.6119590586049655 0.261270276841017 0.17463893692972227 0.1327800333397989
8 0.15059494566652837 0.7078439351565701 0.07507404160312507 0.0763071506088231
8 0.15377319063253525 0.6433828224294736 0.08419446846486114 0.06613492515463033
8 0.1594042883720838 0.583800528338829 0.0905172036472223 0.06977010818516849
8 0.18634472881718783 0.4011951934915198 0.07630923328250008 0.06237219636645772
8 0.1889962969214586 0.3476078078856061 0.06678876291777787 0.05535692182065048
0 0.18763251225218774 0.2890140578856061 0.0669706008736806 0.06316942182065048