4 0.5430817827808827 0.4604975116119755 0.9138364344382346 0.7865792561351921
2 0.8474691796875717 0.8143201597378313 0.11169636182749905 0.07496655925034226
2 0.5481669966992296 0.7736507294795218 0.10857136182749905 0.07487563103709682
0 0.8442113572773289 0.6684537302709448 0.2740331863123341 0.22156407759274224
0 0.5226044313379569 0.4260172115328332 0.24976689212119307 0.2099446159934022
6 0.2698401645407246 0.7320325646606186 0.10857136182749913 0.07487563103709682
6 0.8309497276036903 0.44200489053750136 0.14339849295103022 0.20529055674305993
7 0.8125628900466006 0.23021794437756737 0.13501730788809568 0.17698370031656915
7 0.23072089419578554 0.20549279671393 0.11508331618646546 0.160813131037097
6 0.5072833941957855 0.21353994358614456 0.12599750539858476 0.18139841567683304
7 0.5325867730442314 0.6297643371596539 0.1229909045687478 0.18286998746358768
3 0.2542007413006449 0.5873649223407507 0.14268809793005194 0.19591555674305994
1 0.24149614129600053 0.3991291364473733 0.13177390871793265 0.17533027210332372
8 0.7624681402703153 0.8859019915537157 0.07587726099766208 0.07548338479802083
8 0.6972691927598262 0.8793277311288745 0.06565015601864026 0.08454013605166182
8 0.6365801464940926 0.8705461130239012 0.06924875269929238 0.09088106426490725
8 0.44905591309083215 0.8339086163891135 0.06193316016782511 0.07663670783841639
8 0.3948536651654245 0.828433854710631 0.054972765146847014 0.06707985141192588
0 0.3362599151654245 0.8267289507122806 0.06278526514684701 0.0673071719450391