4 0.478125 0.5546875 0.88046875 0.76015625
2 0.2125 0.20859375 0.10546875 0.07109375
2 0.509375 0.240625 0.103125 0.07109375
0 0.2046875 0.3546875 0.2578125 0.21328125
0 0.50859375 0.58828125 0.234375 0.203125
6 0.78515625 0.27421875 0.10234375 0.07265625
6 0.20078125 0.58125 0.128125 0.20078125
7 0.203125 0.79296875 0.121875 0.1734375
7 0.784375 0.80078125 0.103125 0.1578125
6 0.5078125 0.80078125 0.1125 0.17734375
7 0.5140625 0.384375 0.109375 0.1796875
3 0.78984375 0.41875 0.128125 0.1921875
1 0.78828125 0.60703125 0.11875 0.171875
8 0.303125 0.134375 0.06953125 0.0734375
8 0.36796875 0.1390625 0.059375 0.0828125
8 0.428125 0.14609375 0.0625 0.0890625
8 0.61328125 0.17734375 0.05703125 0.07421875
8 0.6671875 0.18125 0.05078125 0.06640625
0 0.72578125 0.18125 0.0578125 0.06640625