4 0.4830168734086329 0.5297119176854257 0.8705906934277229 0.7405142096316231
8 0.2997743753580443 0.1664317469477823 0.06333634134309048 0.07515048620519008
8 0.36003062269254427 0.17187284147528684 0.05708634134309047 0.0748229375846711
8 0.421822098026726 0.1748882988476616 0.06337270401018139 0.07827548620519006
8 0.6087953866963624 0.1869777838096563 0.052289753341817756 0.06520227611928178
8 0.6612027713637714 0.18970331411280958 0.052217028007635946 0.05895227611928187
0 0.7175345873647259 0.19378662652813855 0.060138616008908664 0.06873671189493055
0 0.2075885173854067 0.3729484198331322 0.25214539735836244 0.19747694482076028
0 0.5092708380808144 0.5689857796257847 0.23335903469127145 0.1933692989592032
2 0.21072151336727116 0.23910900836774301 0.10377952800763604 0.06165455223856364
7 0.5141385093889065 0.3826797874277009 0.11117495202099903 0.16041960085908258
7 0.7872065761059497 0.7396889467453835 0.10163632001909004 0.14586577792830405
7 0.21050771610435884 0.758186556988262 0.12056813335454448 0.16247342378986113
3 0.5095680933720437 0.2586248117379604 0.1321227040101814 0.08187852103089917
3 0.7846782760582245 0.3880445595902538 0.12992495202099902 0.16140224672063966
6 0.20750834341181457 0.5676025005658268 0.12227608402290802 0.17505531094499088
6 0.5121429414385406 0.7486323360482199 0.11108404535327185 0.15260710085908258
6 0.7825152447087709 0.2693355031678187 0.10385225334181776 0.06790455223856355