4 0.4765625 0.5546875 0.86328125 0.6953125
8 0.29765625 0.18203125 0.06171875 0.071875
8 0.3578125 0.190625 0.05703125 0.071875
8 0.41953125 0.196875 0.0625 0.075
8 0.60625 0.21875 0.0515625 0.06328125
8 0.65859375 0.22421875 0.0515625 0.05703125
0 0.71484375 0.23125 0.05859375 0.06484375
0 0.203125 0.38359375 0.25 0.184375
0 0.50234375 0.5953125 0.23203125 0.18046875
2 0.2078125 0.25 0.103125 0.05703125
7 0.509375 0.409375 0.11015625 0.1546875
7 0.778125 0.78046875 0.10078125 0.13984375
7 0.2015625 0.76875 0.11875 0.15625
3 0.50625 0.28515625 0.13125 0.075
3 0.7796875 0.42890625 0.12734375 0.1546875
6 0.20078125 0.578125 0.1203125 0.16953125
6 0.503125 0.775 0.11015625 0.146875
6 0.77890625 0.31015625 0.10234375 0.06328125