4 0.5363947703874641 0.4819148156266812 0.8827315274470932 0.7556243753012778
8 0.7261442098169736 0.8670814093259498 0.0645913489046432 0.07624542574646967
8 0.6657379072305488 0.8542811245449731 0.058341348904643375 0.07580838317182241
8 0.6038373008040582 0.8437153291203344 0.06468227711788863 0.07937042574646966
8 0.4164820533113406 0.8087836822027572 0.053381064264907255 0.06610560124083734
8 0.3639791789381611 0.799654700640089 0.053199207838416564 0.05985560124083733
0 0.3075245904583591 0.7886900674682666 0.06128449247815269 0.06977690445914604
0 0.8148105900626478 0.6721291782674849 0.25536476458147633 0.2018567029858776
0 0.5094314536152744 0.43948701500626264 0.23808633636823107 0.19752983590559836
2 0.814010271178887 0.8053951463364996 0.10476170783841639 0.06346120248167467
7 0.5078104323033734 0.6249328421097848 0.11387594655564541 0.16233574505632156
7 0.2282627069804867 0.23504626139996637 0.10409176959604131 0.14761768119435104
7 0.8051661877801568 0.28708218891114656 0.12329641066226812 0.1645538089182919
3 0.5145498287798767 0.7493701133971082 0.13343227711788863 0.08417789406758587
3 0.23692963097058994 0.5864995007563046 0.1326259465556454 0.16364687278026224
6 0.811494058788124 0.47776181923297745 0.12522262351524951 0.17716306956195355
6 0.503421831353666 0.25974488468443174 0.113648626022532 0.15452324505632148
6 0.2411661530739137 0.7053041310781355 0.10494356426490725 0.06971120248167448