4 0.5125 0.5546875 0.85390625 0.6828125
8 0.3328125 0.19140625 0.05859375 0.07265625
8 0.3921875 0.19453125 0.05703125 0.05234375
8 0.453125 0.2015625 0.05234375 0.05234375
8 0.6375 0.21875 0.05546875 0.0609375
8 0.69140625 0.23046875 0.04609375 0.0640625
0 0.746875 0.23046875 0.059375 0.05234375
6 0.24921875 0.259375 0.1140625 0.065625
2 0.5375 0.28359375 0.09375 0.05390625
7 0.80390625 0.30546875 0.09296875 0.05546875
7 0.53828125 0.40546875 0.10546875 0.15
7 0.23828125 0.76171875 0.1140625 0.146875
8 0.23515625 0.57578125 0.23515625 0.18203125
8 0.53515625 0.59296875 0.2078125 0.1734375
8 0.8125 0.60546875 0.20625 0.159375
6 0.534375 0.76953125 0.1109375 0.15078125
6 0.8140625 0.4296875 0.103125 0.15546875
1 0.240625 0.38984375 0.13359375 0.15
0 0.80859375 0.78046875 0.2125 0.16640625