4 0.4124700077150226 0.4787562365035381 0.7374832341085293 0.9048654373612415
8 0.7872661559246945 0.2715409294406351 0.07567992288667416 0.06482136182749905
8 0.7803362330380204 0.33115272778096116 0.05672966378737563 0.06027557178554286
8 0.7693999306016969 0.3926230240466947 0.05652940468807692 0.05715057178554286
8 0.740397143743077 0.5783004149184879 0.06454216378737562 0.06086756763635783
8 0.7252239242801755 0.6330946586947107 0.06706638648947968 0.05172936597668389
0 0.7216693252676245 0.6885634086947107 0.05692992288667433 0.06340057178554286
6 0.7246543368309333 0.1930975433427266 0.07293445712440061 0.11903526514684701
2 0.6819616849206336 0.48321398048025355 0.059132772978959205 0.09777557178554268
7 0.6430145967054243 0.7512778188625359 0.06225777297895938 0.09801237012586891
7 0.5600366201458089 0.4932303657529694 0.15680880937615385 0.11761632033565021
7 0.22301149367847853 0.22022537655013882 0.15418445712440043 0.12519202199532425
8 0.40914925277777725 0.203010875300739 0.19626943244739828 0.24810930373891082
8 0.3727368792451075 0.5043132661725322 0.18675473010335972 0.22095480788809568
8 0.34246388418235296 0.7826042095338364 0.17259210055371046 0.2183267153566284
6 0.19622444401993216 0.5169111224009539 0.15710919802510181 0.12230382033565021
6 0.5181450046327036 0.7708468028904962 0.16285855027685514 0.11496491701630251
1 0.5947362993540045 0.19439012405133912 0.1586111412698415 0.1457413203356503
0 0.16771420805647633 0.7919586665920951 0.17924261875230768 0.22505031203728051