4 0.5348233971873498 0.4470759200292328 0.7175746799221377 0.8941518400584656
8 0.16422044262499483 0.6493189590268281 0.0742943458553869 0.06608481946747666
8 0.16976478848038173 0.5896522277456334 0.05541701186299806 0.06120943178030878
8 0.179279051331963 0.5280583323629455 0.0552896778706093 0.058084431780308775
8 0.20397925688290117 0.342078810316375 0.06322951186299805 0.061938759983295545
8 0.21789451825160766 0.28707856801189513 0.0659725098858317 0.05285549126449016
0 0.22015469661650858 0.23160981801189506 0.0555443458553869 0.06433443178030895
6 0.22878300832859488 0.7265675536608447 0.07027269072219058 0.1201888569050876
2 0.26474831912646013 0.43602538623158615 0.05694501977166348 0.09870943178030896
7 0.29747854197760387 0.16757701726322366 0.060070019771663485 0.09900116306150357
7 0.38665515262455735 0.42386661626499506 0.1543293557412186 0.12025310149734292
7 0.7306810893552342 0.6906092502088057 0.1515226907221905 0.12777387021614822
8 0.5446162553628454 0.711092261439887 0.19080004942915885 0.2512954143092895
8 0.5740278186321686 0.40948773939331656 0.18190521049385405 0.22400358610630278
8 0.5978287104566731 0.13097706426853792 0.16777904349765968 0.22112829534092682
6 0.7505584851340714 0.39378617200581917 0.15452035672980174 0.12494060149734292
6 0.4221111274528674 0.1458244488357366 0.16045202174882983 0.11771156405973215
1 0.3589015898495257 0.7229815226709683 0.15547536167271767 0.14837810149734273
0 0.772669542966187 0.1185463625216379 0.1742837114824372 0.2279617579033161