4 0.4636812473664139 0.47563334259857476 0.9273624947328278 0.6409735589301082
8 0.7019146522530813 0.7616037006170477 0.23610240143727204 0.07320219242562409
7 0.40581834615315016 0.7387736920328407 0.11804779258539462 0.06470791549465282
1 0.13394079005321907 0.7160845840143678 0.1234289796668965 0.07098518657189175
3 0.7212571438831195 0.6366355168738264 0.16768902057829854 0.16024767447164337
0 0.418997548668376 0.612987896853301 0.24668112943017598 0.16851469242562409
7 0.14199893814250633 0.5941777677575892 0.11873295933379299 0.14122496369925486
6 0.7438045301318624 0.45461790241244576 0.1374795512005516 0.16944086729005098
6 0.43972315429486636 0.44034073721238054 0.12984217703754766 0.15690450585373253
6 0.16142302845787013 0.426213562937129 0.12185625526717225 0.15529655405833437
7 0.7625332292991038 0.27883210723290597 0.13539848995604586 0.15069086729005096
2 0.45836599461023014 0.27237198721238054 0.13192664641529497 0.14754768657189174
3 0.18631586877323397 0.25828117437344744 0.1440798028745439 0.14449540944452863
8 0.6046137661269357 0.8282685049699697 0.0683963401927663 0.05348861436318444
8 0.5434152814380621 0.8232219357863247 0.06891660550389264 0.058176114363184796
8 0.48282462497881296 0.8197424117822196 0.06926344904464372 0.06130111436318479
8 0.2994017406492575 0.7960044090517451 0.06301344904464354 0.06126475292686635
8 0.24436654507519617 0.7917754513044187 0.0578056837335172 0.05654998184962743
0 0.1883766777307594 0.7891044483775526 0.06631187081501907 0.0628454336450254