4 0.48828125 0.52734375 0.86640625 0.6359375
8 0.2140625 0.24296875 0.228125 0.07109375
7 0.5125 0.2640625 0.1109375 0.0640625
1 0.78671875 0.28515625 0.11484375 0.0703125
3 0.20859375 0.36796875 0.15078125 0.159375
0 0.51328125 0.38984375 0.22734375 0.1671875
7 0.7921875 0.40703125 0.103125 0.13984375
6 0.20625 0.55 0.11953125 0.16875
6 0.51171875 0.5625 0.11171875 0.15703125
6 0.79140625 0.575 0.10390625 0.1546875
7 0.20703125 0.72578125 0.11875 0.14921875
2 0.51171875 0.73046875 0.11640625 0.146875
3 0.78515625 0.74296875 0.12734375 0.14375
8 0.30390625 0.17578125 0.06328125 0.053125
8 0.365625 0.18046875 0.06171875 0.0578125
8 0.4265625 0.18359375 0.0625 0.0609375
8 0.6125 0.20625 0.05625 0.0609375
8 0.66796875 0.21015625 0.0515625 0.05703125
0 0.72421875 0.2125 0.059375 0.06171875