4 0.45756697418575093 0.49319979885570786 0.9026641415004425 0.6964678965886012
8 0.19991118181002748 0.22800004181834232 0.23231124203690506 0.08782705397461328
7 0.49712011077745755 0.2282250088789509 0.11466871572854594 0.07182000569998319
1 0.7701102897448875 0.2301435159163164 0.11972023677523325 0.07839778763096845
3 0.18716201087627954 0.3533824540711584 0.1592825366905286 0.16986402179152654
0 0.49057543721287367 0.35395162855712003 0.23786256299888783 0.1831395539746133
7 0.7684806293344832 0.35163610366350034 0.11131547355046649 0.14783620248167448
6 0.17421614789150913 0.535577595036651 0.12857856826055966 0.17705380891829173
6 0.4789568557981344 0.5267171392007818 0.12160052616718495 0.16411676634364483
6 0.7579163137047595 0.5196594839853312 0.11213452090551304 0.16189870248167448
7 0.1647593059534261 0.7113042147148201 0.12748650512049747 0.1583038089182919
2 0.4691737901684106 0.6946858892007818 0.1241794945971538 0.15496028763096845
3 0.7418832480750358 0.6880652765599782 0.13649748407381015 0.15270937278026225
8 0.293668158061917 0.15453005480779253 0.06559417889684287 0.057495425746469396
8 0.3551138922769014 0.154901759383154 0.06586719468185845 0.0621829257464694
8 0.41586938175355775 0.15376559428034633 0.0660492052052021 0.0653079257464694
8 0.600487305459316 0.1634198276845999 0.0597992052052021 0.06487088317182246
8 0.6557285423051363 0.16344732483460828 0.05483868942018653 0.05985560124083724
0 0.7118420344126285 0.1618576916627858 0.06301521046687401 0.06665190445914596