4 0.5508827129831249 0.5372013268410768 0.8982345740337504 0.690751086243473
2 0.8717386500007855 0.8475082728888548 0.11796804147037036 0.06511846656499998
7 0.5652740365229152 0.8201040926086464 0.11382734561740726 0.0712593637914587
0 0.2939267168244893 0.7841613669255905 0.21111244872768503 0.0782016544446531
0 0.8643964587659709 0.7101173756623964 0.27040811922731434 0.18561541736243078
0 0.5550118968432395 0.6849842101998268 0.24302541300675884 0.17562216831236127
1 0.27602773440212836 0.659778962765278 0.13201000056564788 0.15432643692972228
6 0.8477483265791657 0.5109168094579868 0.13970492337435161 0.18881053970326392
6 0.5380999245056473 0.5005910264042365 0.12794721715379592 0.179180966565
7 0.2586079141380546 0.4784925951740974 0.11238100574944418 0.16166615824437508
7 0.8317836995761569 0.31952874325357705 0.13439270678620333 0.16373780452090295
2 0.5221059032048142 0.31777852640423654 0.13324030989648109 0.16838893692972237
6 0.24954739802101794 0.30363806553881967 0.11992010367592565 0.15872299620027785
8 0.7840034956181927 0.9140762174180214 0.06769463939685175 0.06082970364722229
8 0.721874642507915 0.9079521975663895 0.06796804147037036 0.06395470364722229
8 0.6584566914711557 0.9049168101235768 0.06851484561740726 0.07020470364722228
8 0.4714549774749058 0.8795135005686809 0.06130793836009261 0.05912173328249999
8 0.4154394233278687 0.8719724510817711 0.05546804147037036 0.06366376291777769
0 0.3596972712543502 0.8675564015948612 0.06470634043361097 0.06231946846486096