4 0.5089964856731675 0.5194160875618843 0.9249978161308843 0.7522889900156947
2 0.21274529048096 0.1898374848167558 0.1168704257464694 0.07300232612300714
7 0.5188531788485625 0.2385937847332335 0.11261996832111638 0.07881472920121517
0 0.7896791310781355 0.29337017491597284 0.20982275025210165 0.09254589891824913
0 0.2176727271231927 0.3268998878949638 0.2672524740210995 0.2034635994173634
0 0.5267417245253027 0.37360416909263616 0.24003441015912905 0.191608883527209
1 0.8053966022492434 0.4182453202986608 0.12934828243518837 0.16264828868539638
6 0.23082220919006388 0.5260457050746652 0.13643951659574646 0.19746088560718836
6 0.5404157304773873 0.5580521019129349 0.12484645273377595 0.18706482612300715
7 0.8196333369140045 0.5996411859392581 0.10958208565349707 0.16856453535763122
7 0.24342538803862643 0.7173790222543666 0.13145708565349698 0.17060665432599365
2 0.5531992257858104 0.7408646019129348 0.13033162822814398 0.17671078868539639
6 0.8256205290041191 0.7740577233768688 0.11717606436617345 0.1661688635606179
8 0.3016878221598437 0.1298394232525951 0.06665190445914586 0.06520962562389285
8 0.3637343540908288 0.1402886160561893 0.0668704257464694 0.06833462562389285
8 0.4271248647344906 0.14775867450038083 0.06730746832111638 0.07458462562389286
8 0.6137561334239241 0.18613750291116343 0.06029264381548423 0.06306366306150357
8 0.669661925998571 0.19756573315236833 0.05437042574646931 0.06716770049911429
0 0.7253491972858944 0.20586896339357325 0.06363616510280767 0.06648039434269819