4 0.47578125 0.475 0.87890625 0.6703125
2 0.20078125 0.17109375 0.11171875 0.06328125
7 0.50546875 0.19140625 0.1078125 0.06796875
0 0.77421875 0.22109375 0.2046875 0.0734375
0 0.19609375 0.30859375 0.2546875 0.1796875
0 0.50390625 0.3265625 0.22734375 0.1703125
1 0.78125 0.3453125 0.11796875 0.1515625
6 0.1953125 0.5078125 0.1234375 0.1859375
6 0.5046875 0.5109375 0.11171875 0.1765625
7 0.7828125 0.5265625 0.0984375 0.15859375
7 0.19453125 0.69921875 0.1203125 0.16015625
2 0.5046875 0.69375 0.11796875 0.16484375
6 0.7765625 0.7015625 0.10546875 0.15546875
8 0.29453125 0.10234375 0.06171875 0.06015625
8 0.35625 0.10703125 0.06171875 0.0625
8 0.41953125 0.10859375 0.0625 0.06953125
8 0.6046875 0.1296875 0.05546875 0.0578125
8 0.66015625 0.1359375 0.04921875 0.06171875
0 0.715625 0.1390625 0.059375 0.0609375