8 0.2864772843420414 0.17097125371577748 0.07293624203690499 0.07950555789652106
8 0.3500847580336821 0.18589404630117207 0.06981124203690507 0.07915871435577007
8 0.4168627343561588 0.20038243242731762 0.07762374203690499 0.08002582320764748
8 0.6149439185852608 0.24202495815019098 0.06365224729857691 0.0800275272742681
8 0.6706478870152296 0.2576431418837082 0.058873742036904986 0.07794476196314175
0 0.7330113791227217 0.26692376269872725 0.0676117052052021 0.06804779258539462
0 0.17092236084804466 0.35943870598580824 0.2800346524473093 0.22357854450458206
0 0.4967645240304591 0.42155181687947074 0.25181864718563746 0.21889445263782364
3 0.7885047029978891 0.4751621488248728 0.1474195735222315 0.18557361579304193
6 0.1553142294474228 0.5464184406746818 0.14613008930724708 0.19008769402266648
6 0.48400067156903237 0.6001979342239075 0.1346465577372161 0.17949874163003815
2 0.18426306598265962 0.22488943218212237 0.12587923151356134 0.08227689808928726
6 0.789626129193309 0.3479059617433709 0.11614021046687384 0.0749863674670344
2 0.47307233489262124 0.7743299733387198 0.13758954721387226 0.17672058517078906
7 0.5052357186417304 0.28960727776465844 0.11632222099021768 0.0781113674670344
7 0.14789032436927757 0.7413832451006205 0.1368615051204975 0.16422058517078905
7 0.7661852980609183 0.8178707661693096 0.1163669945971538 0.15884110215590788
1 0.7801476294756576 0.6456480705952482 0.13061150512049746 0.16352689808928728
4 0.46971398954724347 0.5527185141275244 0.9394279790944869 0.7894720009807807