8 0.29453125 0.13828125 0.06953125 0.071875
8 0.35859375 0.14609375 0.06484375 0.071875
8 0.42578125 0.153125 0.0734375 0.071875
8 0.625 0.17265625 0.05859375 0.0734375
8 0.68125 0.18203125 0.0546875 0.071875
0 0.74375 0.184375 0.0640625 0.0609375
0 0.190625 0.33828125 0.26953125 0.19453125
0 0.51796875 0.3640625 0.23984375 0.1921875
3 0.8109375 0.38515625 0.1375 0.1703125
6 0.1859375 0.52578125 0.1359375 0.17421875
6 0.515625 0.54296875 0.125 0.165625
2 0.19609375 0.203125 0.12109375 0.06953125
6 0.8046875 0.25859375 0.11328125 0.06328125
2 0.51484375 0.7171875 0.12890625 0.16171875
7 0.51875 0.23203125 0.11328125 0.06640625
7 0.18984375 0.7203125 0.12734375 0.15
7 0.80859375 0.728125 0.1078125 0.14609375
1 0.8125 0.55546875 0.12109375 0.15
4 0.4890625 0.4984375 0.91796875 0.68828125