8 0.6300781282272702 0.8863542616023814 0.07660074769092588 0.07433036660488845
8 0.5666991334110664 0.8763046498068163 0.07191324769092589 0.0741666754978958
8 0.500126788076483 0.8669271606065895 0.07972574769092589 0.07443949400955034
8 0.3026168010359738 0.8404390385594056 0.06579994872768502 0.07551092068857272
8 0.24718700725652934 0.8290997452754946 0.0609757476909258 0.07378472958158007
0 0.18489205881166823 0.8245734471822604 0.069393840433611 0.06317461179556502
0 0.7514821109324549 0.6899827478073833 0.2858376295949071 0.20469745680090715
0 0.42639392803898274 0.652770402169069 0.2574392275213885 0.20059031015895173
3 0.13527064203523267 0.6214459579820335 0.15240041300675894 0.17511410580511538
6 0.7725737353435658 0.5026464389143759 0.15124801611703678 0.17974704210278442
6 0.44438994674791754 0.47394599772256535 0.13949030989648126 0.16999009618646851
2 0.7341887212527792 0.8249480248492255 0.1280265466541664 0.07456846878180698
6 0.1304478580577329 0.748226712791357 0.11953054147037027 0.06648315027015243
2 0.46041336234657465 0.2997545295737307 0.14234190782296263 0.16697422359113023
7 0.41406144043282556 0.7847743703179036 0.11824144354388881 0.06955358656782167
7 0.7856867644200931 0.30797877965854875 0.14124829952888848 0.15447422359113014
7 0.1676202696038894 0.2785590535355299 0.12066239745537014 0.150639895460829
1 0.1486085550419916 0.4510788942797027 0.1349982995288886 0.1542559687818068
4 0.47828702290284736 0.5194048306621898 0.9565740458056947 0.7211459569705433