4 0.5331335617738672 0.49323170877812467 0.9337328764522657 0.6706567917905563
8 0.3242588596572391 0.14279921694624975 0.0680814473714646 0.057704703647222286
8 0.3880827503739093 0.14679507950343718 0.0649564473714646 0.05763196846486114
8 0.4526878910905795 0.15077275826503436 0.06526652778099055 0.06075696846486114
8 0.6449347642644045 0.17057284593659672 0.05932660819051634 0.06373649810013893
8 0.6988410142644046 0.16931816404086747 0.055271366961938996 0.05428876291777782
8 0.5777076206432031 0.5268611731589232 0.2442370833429715 0.1833983007211808
0 0.7567249853906006 0.17658449696277714 0.06808144737146478 0.057704703647222286
0 0.24372245433116949 0.3333898089862151 0.2756421235477344 0.18568815254479193
2 0.2330367781548998 0.20991594139503453 0.11573164839527923 0.06660823138263901
2 0.5426261915334878 0.22855095972805511 0.10745402778099056 0.06173889342673622
7 0.5626868677097574 0.3518066217721524 0.12363869883818737 0.14629573138263902
7 0.27991829316712297 0.7060642427818054 0.13582861842866167 0.14346167211208344
7 0.8715571034742673 0.6946428595199646 0.11286833699532117 0.13201502583555555
1 0.8601204221789249 0.532033756746423 0.13675885965723927 0.15283667211208343
6 0.5925733333718859 0.700353224545694 0.12707377924771332 0.14949346656500015
6 0.8257306250144572 0.24858547711114518 0.10822922880480519 0.06955139342673622
6 0.2624823191074813 0.5224523089862151 0.1492467617048682 0.16871624525034737
3 0.8438412006788196 0.36797125674642295 0.14300885965723928 0.15298214247680564