4 0.4921875 0.5046875 0.88828125 0.65
8 0.309375 0.15 0.06171875 0.05703125
8 0.37265625 0.15546875 0.059375 0.05703125
8 0.43671875 0.1609375 0.059375 0.05859375
8 0.6265625 0.18515625 0.053125 0.0625
8 0.68046875 0.18515625 0.05078125 0.05234375
8 0.52421875 0.5390625 0.2265625 0.178125
0 0.7375 0.19375 0.06171875 0.05703125
0 0.21015625 0.33828125 0.2578125 0.1796875
2 0.21171875 0.21484375 0.11015625 0.0640625
2 0.51875 0.240625 0.1015625 0.05859375
7 0.5265625 0.3640625 0.10859375 0.14296875
7 0.209375 0.7109375 0.12109375 0.14140625
7 0.80078125 0.71328125 0.1 0.1296875
1 0.80546875 0.55078125 0.12109375 0.14921875
6 0.521875 0.7125 0.11171875 0.14609375
6 0.79921875 0.2671875 0.1015625 0.0671875
6 0.21015625 0.52734375 0.1328125 0.16640625
3 0.80546875 0.38671875 0.128125 0.14921875