4 0.4869542967424719 0.4754706554632692 0.6809921829239262 0.9291538926541175
8 0.12588284356976173 0.6810125632336652 0.05843254809323426 0.06610466378737563
8 0.1335614235141614 0.6173808598098927 0.05832342068857255 0.06297966378737563
8 0.14126728530972646 0.5529679063861199 0.06144842068857255 0.06317992288667433
8 0.17211552514292544 0.36157214836655543 0.06435516587924908 0.05713018198597286
8 0.17399797287333998 0.30766589836655545 0.05487103847458741 0.053404404688076924
8 0.5224478526402544 0.44123655537098416 0.18603673683797411 0.23797726866002264
0 0.18458329800841622 0.2500839358434842 0.05843254809323421 0.06610466378737553
0 0.31069929847175237 0.7681657025009219 0.18869051088459124 0.269327398209672
2 0.18731636217408323 0.7745134369232184 0.06793652286549076 0.11504281153562221
2 0.22381937968209636 0.4658300493540045 0.06292164065150559 0.10536742288667433
7 0.3475296981937507 0.45010731493170814 0.14756945916315994 0.11858691856773759
7 0.683328266620587 0.7450660549095589 0.1448809687818068 0.1308866594684389
7 0.7063243779528159 0.1535096105850849 0.13317957694917482 0.10831075262089365
1 0.5439880690598085 0.1592355837486143 0.15425596878180664 0.13148743676633484
6 0.6958035070867581 0.4324659253599096 0.15080358656782167 0.1219121776670363
6 0.260176064250485 0.18365909700996608 0.07073414065150559 0.10586807063492083
6 0.49976179847175234 0.7560500269933541 0.1702629146981227 0.143426232262828
3 0.37992556905980845 0.169749186461793 0.15447422359113014 0.13773743676633482