4 0.49765625 0.4703125 0.990625 0.91484375
7 0.18828125 0.0703125 0.134375 0.09296875
7 0.525 0.2875 0.125 0.21640625
6 0.17734375 0.2703125 0.13984375 0.246875
1 0.17734375 0.54375 0.159375 0.23671875
8 0.178125 0.803125 0.27265625 0.2359375
8 0.52265625 0.55 0.259375 0.265625
8 0.8390625 0.30625 0.2359375 0.25
8 0.63203125 0.02109375 0.06328125 0.0421875
8 0.69609375 0.0234375 0.059375 0.046875
0 0.76328125 0.02421875 0.07109375 0.0484375
0 0.8421875 0.55390625 0.24609375 0.2234375
1 0.834375 0.796875 0.13515625 0.20703125
6 0.83515625 0.125 0.1296875 0.1
2 0.51875 0.103125 0.12578125 0.0953125
6 0.52109375 0.803125 0.1265625 0.21875