4 0.49957069162749945 0.4984276068014027 0.9733223358999522 0.9968552136028054
7 0.11758973343852559 0.8072129202657805 0.101576452503779 0.14038277297895937
7 0.31516559954824214 0.4565761628645249 0.22290542093374793 0.1388178778516064
6 0.3182267702702285 0.8053338379106675 0.2550654735504665 0.15644546884459273
1 0.5916642702702285 0.7878111667220362 0.2467825366905286 0.1745946915466968
8 0.8509937676393926 0.770408411480249 0.25186342079257357 0.2885570619970476
8 0.57780210744075 0.442098148523439 0.28073187343752687 0.27639702344038464
8 0.31562354195220044 0.14131210826873306 0.26374179451244917 0.25195822794389133
8 0.04252548912372046 0.36661700107973416 0.045827710466873964 0.06520349784053163
8 0.041138023395174646 0.30240430675526014 0.05033319994353026 0.06237888648947969
0 0.038006047143285135 0.23516674198043552 0.05262374203690505 0.07497901603912896
0 0.5630977814288567 0.12645666872462108 0.23781633134415223 0.25291333744924216
1 0.8065215577372161 0.11455892967884625 0.21407645250377882 0.14759210055371036
6 0.13460105510638007 0.15683338602805433 0.10755343671876347 0.13609579117755652
2 0.13115462059492952 0.47464144972314487 0.10259292093374794 0.13110790252860874
6 0.8310181127024217 0.4274396614802489 0.22612142619541978 0.14058063695090492