4 0.4639397316697556 0.4986098701906766 0.9278794633395112 0.9972197403813532
7 0.0455939479196736 0.8092633833951115 0.0911878958393472 0.13764882213985138
7 0.2709126344914198 0.46496027877112256 0.21999009618646853 0.132529790921658
6 0.2415847107228044 0.8132167294967619 0.251785733209777 0.14924606496827514
1 0.5150222107228044 0.8036680815888622 0.24306549763774718 0.1676686827542902
8 0.7744244925739698 0.7938292570019401 0.24548614790789963 0.28167661905195907
8 0.5333307889379235 0.4581373267795388 0.274682574586922 0.2686508293962454
8 0.3006299386599219 0.15024301434315226 0.25823911905195923 0.24466769237293695
8 0.015214511073850284 0.36723214001853344 0.030429022147700567 0.06397321996293312
8 0.018649535120467402 0.30308779446503714 0.037299070240934803 0.06101191106992569
0 0.020713032125242514 0.23587301261387172 0.04142606425048503 0.07356647477225656
0 0.5483953160645836 0.1384696675237116 0.23205856496827515 0.2546776094333124
1 0.7910912475529293 0.13779751181126354 0.21094247840045366 0.14157740870767296
6 0.1192435294040947 0.16047865381353155 0.10452878729346105 0.13317957694917476
2 0.0863193796820964 0.47764879564616347 0.09967759618646847 0.12832838584218215
6 0.7864012252355927 0.45086050700194014 0.22316965988879928 0.13420141832631974