4 0.5885399435861446 0.5323407865456875 0.5741126968848498 0.8135690072125925
2 0.8126066147397608 0.30163636180762443 0.06210284639736088 0.09790190445914596
5 0.822292817959324 0.554144002773117 0.06366534639736088 0.09801116510280768
5 0.7130926288590189 0.7936603348203178 0.12487563103709683 0.11164733020561535
5 0.4030952224198929 0.2683225731682498 0.13296091567683313 0.12156863342392406
5 0.9248962953937816 0.7577931626801446 0.04475021034569906 0.03743429802252862
5 0.928262987792792 0.7931133036456373 0.04787521034569906 0.03765281930985207
5 0.9277234301918025 0.8281602930019755 0.04796613855894449 0.04077781930985225
2 0.924160228688099 0.2501827584731002 0.05421613855894449 0.041214861884498966
1 0.9738911072179135 0.37840594746112133 0.050909282132453625 0.03474634059717552
1 0.9754768561953815 0.4097105777829523 0.049046287609236926 0.031512079953513704
1 0.9733886535361321 0.4415233064956288 0.04778428213245363 0.034527819309851895
6 0.5569560083132702 0.27752224656893076 0.15143813103709683 0.11350476114786483
6 0.5708439782258806 0.5404592891435777 0.14661423871722884 0.10848947921687965
6 0.562447771178887 0.7878041827069604 0.1465687746106063 0.10692697921687966
2 0.4223837461725693 0.5292982779957128 0.137375631037097 0.11252141535490914
3 0.4163085570722642 0.776025812524588 0.1362677721033238 0.1280371547112475
6 0.9192490713245363 0.3761443249329607 0.04939224623907634 0.03619957995351379
6 0.9209168714036785 0.40666770525479146 0.05403428213245363 0.03496486188449914
6 0.9210449035361321 0.43786307493296056 0.04934678213245362 0.03463707995351371
8 0.9195338793212372 0.4931133036456371 0.06923338479802084 0.07501070767745474
8 0.9185002282258807 0.5647697823583137 0.06293792069139811 0.07301116510280767
0 0.9213500950772125 0.6359181626801446 0.06146634890464355 0.07602690445914603
0 0.7078054544732042 0.29040964868228814 0.1436831185006847 0.22211493664223275
1 0.7169149961725694 0.5498939093259498 0.12202341567683313 0.1208038089182919
3 0.978570247030499 0.7607814048864745 0.042859505939001966 0.04045003737886681
3 0.9779553073366269 0.7967189048864745 0.04408938532674611 0.03609031930985189
3 0.9764568234028538 0.8318205245646435 0.04708635319429248 0.04433986188449879
1 0.820768736539151 0.7965118192329774 0.07032452335696497 0.11251070767745457