4 0.476169316547945 0.5078125 0.6284624415624022 0.775
2 0.2694156689004844 0.7546875 0.06867741228577443 0.09375
5 0.24203292583127478 0.50234375 0.0702399122857745 0.09375
5 0.33386530337635395 0.2546875 0.13210765351435186 0.103125
5 0.6792557895147731 0.759375 0.1408503947429292 0.1125
5 0.12562286003114845 0.30546875 0.04716088450478395 0.034375
5 0.11979070542398303 0.2703125 0.050285884504783954 0.034375
5 0.1178648008168176 0.23515625 0.050595964914309774 0.0375
2 0.16202594668147488 0.8140625 0.05669092470954688 0.0359375
1 0.10352898030044226 0.6890625 0.05310080409525817 0.03125
1 0.09964692620518412 0.6578125 0.05122822368573234 0.028125
1 0.0995936020075445 0.62578125 0.04997580409525817 0.03125
6 0.5255045797195359 0.7609375 0.15867015351435185 0.103125
6 0.4932078253193676 0.4984375 0.15351753290006317 0.0984375
6 0.48418143276206516 0.25 0.15336249269530028 0.096875
2 0.641722845421749 0.49921875 0.14460765351435184 0.103125
3 0.630430222966828 0.2515625 0.14459555556198112 0.11875
6 0.15806144009567935 0.6875 0.05169334430002106 0.0328125
6 0.15425690610280265 0.65703125 0.05622580409525817 0.03125
6 0.1519373520075445 0.62578125 0.05153830409525817 0.03125
8 0.1495584247384613 0.5703125 0.07416430921433084 0.0703125
8 0.14555157531936752 0.4984375 0.06775926900956794 0.06875
0 0.13771599600265522 0.42734375 0.06650684941909377 0.071875
0 0.3744907694123916 0.75859375 0.15858546784775546 0.2125
1 0.347191595421749 0.49921875 0.12991289474292939 0.1125
3 0.0717941301335299 0.30625 0.04590846491430978 0.0375
3 0.06822820542398303 0.2703125 0.05013084430002106 0.0328125
3 0.0655210508168176 0.23515625 0.0571560453238356 0.040625
1 0.22651792399064266 0.259375 0.07788527412864062 0.1078125