4 0.4921875 0.42578125 0.77421875 0.5515625
2 0.2453125 0.19453125 0.09375 0.05859375
5 0.49765625 0.1921875 0.09375 0.0609375
5 0.7453125 0.30859375 0.10234375 0.121875
5 0.240625 0.60390625 0.1125 0.1296875
5 0.69453125 0.0953125 0.03359375 0.04375
5 0.7296875 0.09296875 0.03359375 0.04765625
5 0.76484375 0.09453125 0.03671875 0.04765625
2 0.1859375 0.08125 0.03671875 0.05234375
1 0.3109375 0.03515625 0.03046875 0.05
1 0.3421875 0.034375 0.028125 0.0484375
1 0.37421875 0.0375 0.03203125 0.04609375
6 0.2390625 0.45 0.103125 0.1484375
6 0.5015625 0.44375 0.0984375 0.14453125
6 0.75 0.459375 0.096875 0.14453125
2 0.50078125 0.5921875 0.103125 0.134375
3 0.7484375 0.60546875 0.11953125 0.1328125
6 0.3125 0.08984375 0.0328125 0.0484375
6 0.34296875 0.0890625 0.03046875 0.05234375
6 0.37421875 0.08984375 0.03203125 0.0484375
8 0.4296875 0.09296875 0.0703125 0.0671875
8 0.5015625 0.09609375 0.06796875 0.0609375
0 0.57265625 0.0953125 0.071875 0.059375
0 0.24140625 0.29921875 0.21171875 0.13828125
1 0.50078125 0.29765625 0.1125 0.11953125
3 0.69375 0.04140625 0.0375 0.0421875
3 0.7296875 0.04140625 0.0328125 0.046875
3 0.76484375 0.0421875 0.03984375 0.05234375
1 0.740625 0.20078125 0.1078125 0.0671875