2 0.826468818571487 0.191641179441613 0.057230634190065646 0.03937157220870704
1 0.8634129018470788 0.31615082093216074 0.0501595073520523 0.03152271077238851
1 0.8588122325464302 0.34504798057308117 0.04358105661684704 0.02836134933607006
1 0.855281387142974 0.37864173057308115 0.0501595073520523 0.03152271077238851
6 0.8126316518470788 0.31585538426207316 0.049995281984449844 0.02996021077238851
6 0.8079488698626289 0.34553379390299355 0.049995281984449844 0.02996021077238851
6 0.8048285878781792 0.3752212939029936 0.04983105661684704 0.028397710772388507
8 0.7956272492768823 0.43301561318483434 0.05985824007170741 0.06437157220870696
8 0.7882371077347644 0.5033281131848343 0.06528711323369443 0.056595433645025395
0 0.786479941560249 0.572109929441613 0.07054704301252848 0.07692611436318479
5 0.7701347994682383 0.6978729987234538 0.04407373271965511 0.033048849336070066
5 0.7661112779619741 0.7361542487234537 0.0470345073520523 0.031504530054229464
5 0.7626625452423191 0.7689667487234537 0.04407373271965511 0.033048849336070066
3 0.8225606621520395 0.6973962757526209 0.05032373271965511 0.033085210772388504
3 0.8166039540647819 0.7317576402140016 0.05205045808725757 0.034656801131468205
3 0.8136080206099218 0.7676996853935414 0.05673795808725757 0.03468407220870695
4 0.462620083102367 0.49987027331673406 0.6252057823308993 0.7781634449597069
6 0.5004084307053953 0.24446515583029135 0.16659619815896498 0.0993465359079618
6 0.465745083102367 0.49988845403489324 0.15985352205615708 0.09462267447164337
6 0.29148432355074266 0.7521544151018694 0.1639638742617729 0.10401585518980258
0 0.6265183577347644 0.5023872610200939 0.16164584705313523 0.20081813231716553
3 0.6460095046025873 0.25000260440423566 0.1649492264673885 0.11339085518980259
1 0.5866724750211532 0.7476179477883773 0.156400071320952 0.09147949375348396
5 0.35324485680820317 0.2389186168972675 0.16429232499697816 0.1071408551898025
2 0.3330146957861683 0.49833452351312574 0.13172852205615718 0.09445904800821019
1 0.9531745391632775 0.31745476657923877 0.031409507352052654 0.031413626463433084
1 0.9509176198626289 0.3463655617587786 0.02935433124924458 0.026717036104353477
1 0.9452893625105766 0.3776019262201592 0.03371338051403931 0.023619307181592396
1 0.9142953628872448 0.6948030617587786 0.030011232719655112 0.032967036104353656
1 0.9087914540647819 0.732293971399699 0.033136232719655115 0.032985216822512695
1 0.9053427213451268 0.7651064713996989 0.03330045808725757 0.034547716822512696