2 0.17415549287299828 0.15499254791001432 0.043399055759574215 0.05335225897699045
1 0.3024557071173034 0.10571523145684394 0.03507637272903601 0.04705680718159235
1 0.3312344113596689 0.10744590309981686 0.03144118969849785 0.040788626463433134
1 0.3648281613596689 0.10764134582002864 0.03507637272903601 0.04705680718159235
6 0.29831046999418104 0.15649648145684392 0.03351387272903601 0.0470477168225127
6 0.3278704242365465 0.15823169827935665 0.03351387272903601 0.04704771682251274
6 0.3575579242365465 0.1584044151018694 0.03195137272903601 0.04703862646343313
8 0.41511533272127743 0.16186575838781528 0.06839905575957417 0.05349770472226432
8 0.48542783272127743 0.16227482454639802 0.06109673879011233 0.05970225292686626
0 0.5546242428729983 0.15720605034590124 0.0801018303053814 0.06293633723582168
5 0.6801504013577292 0.16106282425181045 0.034566189698497854 0.04080680718159235
5 0.7184316513577291 0.1612855380492611 0.03482128121376711 0.043931807181592356
5 0.7512441513577292 0.16147643558993308 0.034566189698497854 0.04080680718159235
3 0.6836419342384861 0.10871452907227067 0.03663887272903601 0.04706589754067196
3 0.7178256156020344 0.11125826697202226 0.03832891848667064 0.04863748789975162
3 0.7538268884808516 0.11068609523085345 0.03871155575957417 0.05332498789975162
4 0.45727204225447676 0.4880469841873184 0.8193859236568184 0.5482588181034904
6 0.20269611255791853 0.47562321047780093 0.11119207576345351 0.15682269262201592
6 0.45752713376974585 0.4849219841873184 0.10599439273291544 0.15054542154477701
6 0.6985990596732823 0.6340508723582164 0.11562448424818435 0.15372496369925487
0 0.47222684680610294 0.32399357454639804 0.2114791181871082 0.14178856596219108
3 0.21930914089674758 0.32955673155503973 0.12499948424818444 0.1537795058537325
1 0.7163914349873922 0.339483260921898 0.10261430121764618 0.1474022408266178
5 0.18595553846145493 0.623252189400562 0.11874948424818443 0.15374314441741407
2 0.4459044943708103 0.6177299390077786 0.10369856909549373 0.12242042154477702
1 0.31057083818128917 0.015876026636383735 0.033545823637421625 0.02830680718159236
1 0.33954086106010645 0.015262948279356665 0.028730777879787082 0.026717036104353498
1 0.37059954242365467 0.017788505460949018 0.0259884151526907 0.03138635538619426
1 0.6879783610601065 0.017290098354111418 0.03498077787978708 0.026753397540671974
1 0.7253508153024719 0.01907076697202224 0.035235869395056164 0.029878397540671973
1 0.7581633153024719 0.01926166451269421 0.036798369395056166 0.02988748789975159