2 0.18671875 0.15390625 0.0390625 0.053125
1 0.3109375 0.10390625 0.03046875 0.04609375
1 0.33984375 0.10546875 0.02734375 0.03984375
1 0.3734375 0.10546875 0.03125 0.04609375
6 0.3109375 0.1546875 0.0296875 0.046875
6 0.340625 0.15625 0.0296875 0.046875
6 0.3703125 0.15625 0.02734375 0.046875
8 0.428125 0.159375 0.0640625 0.053125
8 0.4984375 0.159375 0.05703125 0.059375
0 0.5671875 0.15390625 0.07578125 0.06171875
5 0.69296875 0.15703125 0.03203125 0.03984375
5 0.73125 0.15703125 0.03046875 0.04296875
5 0.7640625 0.15703125 0.03203125 0.03984375
3 0.6921875 0.1046875 0.0328125 0.046875
3 0.7265625 0.10703125 0.034375 0.0484375
3 0.7625 0.10625 0.03515625 0.053125
4 0.496875 0.48515625 0.775 0.54453125
6 0.24140625 0.47421875 0.0984375 0.15625
6 0.496875 0.48203125 0.09453125 0.14921875
6 0.75 0.6296875 0.10390625 0.15234375
0 0.4984375 0.32109375 0.20078125 0.140625
3 0.24609375 0.328125 0.11171875 0.15390625
1 0.74375 0.33515625 0.090625 0.14765625
5 0.23671875 0.621875 0.10625 0.15390625
2 0.49609375 0.61484375 0.09453125 0.12265625
1 0.31171875 0.0140625 0.03203125 0.028125
1 0.340625 0.01328125 0.0265625 0.0265625
1 0.371875 0.015625 0.0234375 0.03125
1 0.6890625 0.01328125 0.0328125 0.0265625
1 0.7265625 0.01484375 0.0328125 0.0296875
1 0.759375 0.01484375 0.03359375 0.0296875