4 0.525375602501345 0.3724376591103504 0.8106403851886348 0.7152241638926876
6 0.26167409939925185 0.2673075085277138 0.10812884629715871 0.16998116971703398
6 0.5167222323189729 0.22619804346975309 0.10434828243518837 0.16031443843583926
6 0.7625810355372815 0.21110963789597365 0.11201867080279086 0.18121040099822858
6 0.287454257464694 0.6022449600668178 0.10689412822814397 0.1745228040764367
6 0.3145595267352051 0.02399692273310513 0.033041728964778014 0.04799384546621026
6 0.3434111464133743 0.021866415557579906 0.03293246832111638 0.04373283111515981
6 0.37449725544788165 0.019272350561756017 0.034494968321116384 0.038544701123512035
5 0.2699122063400723 0.4300992398089084 0.11673902179152655 0.1599188635606179
5 0.528194599903455 0.3902605434697531 0.11750384629715871 0.1708563635606179
3 0.7792325760182415 0.3817657909741817 0.13389367080279085 0.1832525199665911
5 0.26176194468800434 0.13361981468412992 0.10815098960843983 0.0815021322794232
1 0.5059107824351883 0.10532309193064908 0.11440098960843983 0.08208559484181252
5 0.7463718914696956 0.08051603327866157 0.11193155347041035 0.09116886356061786
5 0.5409945207062459 0.5620626106494544 0.11652050050420293 0.15679386356061792
1 0.7920324968210323 0.553567858153883 0.12055243664223259 0.1478564604824097
2 0.1886143857697125 0.026253496048341964 0.04477690445914595 0.05250699209668393
8 0.4280592980225286 0.02036573710503615 0.07032320767745456 0.0407314742100723
8 0.4988252660915434 0.014203519550999097 0.06552644703379293 0.028407039101998193
0 0.5690831357697126 0.013129932508604678 0.07711951089576327 0.026259865017209356