4 0.610144170580812 0.45544879055783466 0.688342578219206 0.8106403851886348
6 0.7242165629283008 0.1917472874557414 0.16657982622365458 0.10812884629715871
6 0.7563289258424839 0.44679542037546227 0.15702281570031093 0.10434828243518837
6 0.7628042519249643 0.6926542235937709 0.17769933674699825 0.11201867080279086
6 0.3891968208208084 0.2175274455211836 0.17117632096198276 0.10689412822814397
6 0.9707776261742437 0.24463271479169474 0.05844474765151268 0.033041728964778014
6 0.9724006748447082 0.2734843344698638 0.05519865031058373 0.03293246832111638
6 0.9744598511460086 0.3045704435043712 0.05108029770798268 0.034494968321116384
5 0.561534552404957 0.19998539439656188 0.15618835779368573 0.11673902179152655
5 0.5922664258424839 0.4582677879599445 0.16712585779368574 0.11750384629715871
3 0.5919835177099798 0.709305764074731 0.1789734104104042 0.13389367080279085
5 0.8575750944983318 0.19183513274449396 0.0778813472703419 0.10815098960843983
1 0.8772861679499762 0.4359839704916778 0.07824536831702958 0.11440098960843983
5 0.8936447282474409 0.6764450795261853 0.08743835779368574 0.11193155347041017
5 0.42043692847331987 0.4710677087627354 0.15306335779368574 0.11652050050420311
1 0.42015402034081567 0.7221056848775218 0.1439613735787013 0.12055243664223277
2 0.9708389038686078 0.1186875738262021 0.058322192262784255 0.04477690445914595
8 0.9727492853398172 0.35813248607901815 0.0545014293203657 0.07032320767745456
8 0.9776222839891056 0.428898454148033 0.04475543202178898 0.06552644703379293
0 0.9775575181687964 0.4991563238262021 0.04488496366240717 0.07711951089576327
5 0.9887750102057014 0.6230472918952168 0.0224499795885972 0.03674588317182241
5 0.9893854430840918 0.6564771509297243 0.02122911383181645 0.03562042574646931
5 0.9927074996470641 0.6930320099642316 0.01458500070587192 0.041542643815484226