4 0.49609375 0.41875 0.76640625 0.64453125
6 0.24140625 0.28984375 0.09609375 0.1609375
6 0.49765625 0.27265625 0.09296875 0.1515625
6 0.74296875 0.28046875 0.10078125 0.171875
6 0.24375 0.625 0.0953125 0.16484375
6 0.31171875 0.040625 0.02890625 0.0703125
6 0.340625 0.03984375 0.02890625 0.06875
6 0.371875 0.0375 0.0296875 0.06875
5 0.23828125 0.45234375 0.10703125 0.14921875
5 0.49765625 0.43671875 0.10625 0.1609375
3 0.74765625 0.4515625 0.12109375 0.17109375
5 0.25078125 0.15703125 0.10390625 0.07265625
1 0.4953125 0.1515625 0.10859375 0.071875
5 0.7359375 0.14921875 0.10625 0.08125
5 0.4984375 0.60859375 0.10546875 0.146875
1 0.7484375 0.6234375 0.1109375 0.13671875
2 0.1859375 0.03828125 0.040625 0.06015625
8 0.425 0.04375 0.06640625 0.0671875
8 0.49609375 0.0390625 0.0609375 0.06640625
0 0.56640625 0.03828125 0.07109375 0.07578125
5 0.690625 0.03359375 0.0328125 0.05703125
5 0.72421875 0.03125 0.03125 0.06171875
5 0.7609375 0.02890625 0.0375 0.0578125