4 0.47072154197240657 0.47636252699335413 0.8217863885357234 0.7787114065337782
2 0.12144505021977085 0.7368830289959389 0.08783661914102674 0.09250647748246621
3 0.16125897905390854 0.4899882425987444 0.07898018038553248 0.11055557063492075
6 0.20628322929910375 0.25904912322812784 0.10693346268177768 0.09683303207825791
2 0.009032088865379696 0.799200161166482 0.01806417773075939 0.036917811535622215
6 0.020700241139647836 0.6790681338685859 0.04140048227929567 0.03545544108527139
6 0.021436431630433263 0.650161883868586 0.04287286326086653 0.03213018198597286
6 0.025731602563812562 0.6226178747692874 0.051463205127625124 0.03399307063492074
8 0.0323679673972608 0.567830245219638 0.0647359347945216 0.0657437183831675
8 0.038396930017739694 0.49877985657068996 0.07679386003547939 0.06105621838316751
0 0.04588644340967859 0.432223412246216 0.07915871435577004 0.0702309592838688
5 0.06766024795821488 0.3129226997231448 0.05659343540750954 0.03465440468807692
5 0.07069427690647537 0.27859776449796947 0.0553777789482605 0.03767927513842757
5 0.07685330585473589 0.2440725701734955 0.05346843540750954 0.03445414558877822
3 0.01616401004395417 0.31503471468253963 0.03232802008790834 0.038480311535622216
3 0.019330661419927335 0.2828532703580656 0.03866132283985467 0.03233044108527148
3 0.020630472664433065 0.24681564080841628 0.04126094532886613 0.03505492288667424
0 0.26424037844939535 0.7292836752030261 0.21230272129693467 0.20752830505721728
5 0.2945058855131576 0.4845521661037274 0.16700214976327957 0.10688795496493206
8 0.3550675728398547 0.24641181601144235 0.20136692536355535 0.19286502775932127
6 0.4535638631382689 0.7218054349206335 0.19530057153365518 0.11025278685861988
8 0.49589496374278214 0.47319795419896493 0.2237621906746817 0.19895434145441176
0 0.5528972446102302 0.2321829279808032 0.21160903421543278 0.2012783050572171
5 0.6530427457938321 0.7066951673403451 0.16457083684478152 0.11293769586563354
6 0.6895582528575944 0.46156314004244925 0.18228030622252867 0.10476425046142523
1 0.7442167837250423 0.22069830814876137 0.17533491507440607 0.11207610271317874