1 0.31484375 0.021875 0.02890625 0.04296875
1 0.34453125 0.021875 0.028125 0.04296875
1 0.37421875 0.02265625 0.0328125 0.0453125
4 0.48984375 0.52734375 0.73203125 0.73984375
2 0.25 0.2046875 0.0875 0.078125
3 0.49609375 0.2171875 0.10546875 0.0671875
6 0.72578125 0.23671875 0.08984375 0.096875
2 0.19609375 0.0734375 0.03359375 0.0640625
6 0.315625 0.0828125 0.03125 0.065625
6 0.34453125 0.0828125 0.02734375 0.0625
6 0.371875 0.0859375 0.0296875 0.0671875
8 0.4265625 0.0875 0.0609375 0.07421875
8 0.4953125 0.0921875 0.05703125 0.07421875
0 0.56171875 0.09453125 0.06484375 0.07109375
5 0.68046875 0.103125 0.03203125 0.05390625
5 0.71484375 0.10234375 0.03359375 0.0515625
5 0.74921875 0.1046875 0.03125 0.05
3 0.6828125 0.03359375 0.03359375 0.0640625
3 0.71484375 0.0359375 0.02890625 0.065625
3 0.75078125 0.0375 0.03125 0.06015625
0 0.2484375 0.34765625 0.1953125 0.190625
5 0.49296875 0.35078125 0.09765625 0.15546875
8 0.72890625 0.38515625 0.18203125 0.18125
6 0.24375 0.5375 0.0984375 0.18359375
8 0.49140625 0.55234375 0.1859375 0.20234375
0 0.73046875 0.5828125 0.1890625 0.190625
5 0.24609375 0.73671875 0.10234375 0.15234375
6 0.490625 0.74609375 0.09296875 0.17109375
1 0.7296875 0.77421875 0.1015625 0.1640625