1 0.09792044630964684 0.68515625 0.0468715918667586 0.028125
1 0.09462543267251276 0.65546875 0.04687159186675858 0.028125
1 0.0921116690353787 0.62578125 0.04895435717788501 0.0328125
4 0.5839659580275934 0.51015625 0.8217863885357234 0.73125
2 0.2879299497802291 0.75 0.0878366191410267 0.0875
3 0.27311602094609144 0.50390625 0.07898018038553242 0.10625
6 0.2671542707008963 0.27421875 0.10693346268177777 0.090625
2 0.16266300085818314 0.80390625 0.06770435717788503 0.0328125
6 0.1587712354244591 0.684375 0.06909343540750953 0.03125
6 0.15556293267251275 0.65546875 0.0656215918667586 0.028125
6 0.15565305169094193 0.628125 0.07048251363713405 0.0296875
8 0.1511457897278002 0.5734375 0.08176344904464364 0.0609375
8 0.14820273183127922 0.5046875 0.0812431837335172 0.05625
0 0.14317605659032143 0.43828125 0.07915871435577007 0.065625
5 0.13858975204178514 0.31953125 0.056593435407509586 0.03125
5 0.13399322309352463 0.28515625 0.05537777894826048 0.034375
5 0.13252169414526413 0.25078125 0.05346843540750958 0.03125
3 0.06879836938622191 0.3171875 0.0678777789482605 0.034375
3 0.06758697309352461 0.28515625 0.0687465918667586 0.028125
3 0.06516077237488864 0.24921875 0.06284343540750954 0.03125
0 0.4310721215506046 0.7515625 0.21230272129693475 0.1953125
5 0.40705661448684244 0.50703125 0.16700214976327957 0.096875
8 0.4152449271601453 0.27109375 0.20136692536355535 0.18125
6 0.6214361368617312 0.75625 0.19530057153365518 0.0984375
8 0.6087925362572179 0.50859375 0.2237621906746817 0.1859375
0 0.6127277553897699 0.26953125 0.21160903421543278 0.1890625
5 0.8203947542061678 0.75390625 0.16457083684478135 0.103125
6 0.8026292471424057 0.509375 0.18228030622252867 0.09375
1 0.8042207162749575 0.2703125 0.17533491507440607 0.1015625