4 0.4537737408992628 0.5213232361455546 0.6633522179447869 0.8781179147037024
2 0.19717710028594104 0.7587481578229627 0.08441784946188076 0.10853425287472226
2 0.6479775051672865 0.5313112652220822 0.1552397717116218 0.12562329952888868
2 0.08293697187372828 0.8117768300660184 0.07205909057054058 0.043651546654166394
6 0.08765224296617746 0.6791399873233332 0.06253854135632886 0.039706340433610876
6 0.08452508891340153 0.6454095362865739 0.059195217535011266 0.03474543836009243
6 0.08693945946773146 0.6137200388784722 0.057705492142117155 0.03617123732333312
6 0.48785764247083946 0.5180806589542584 0.16588617328319835 0.12033020678620332
6 0.31752791004863196 0.2355238542415735 0.14691784946188075 0.11400229434509228
6 0.48656708601791737 0.7910690996234251 0.16595894789030402 0.12189270678620331
8 0.08960638709415594 0.5540422425071295 0.07209763192686944 0.07788984561740726
8 0.09239959325662772 0.4803702966541666 0.07209763192686944 0.07788984561740726
0 0.08656266211554656 0.4051652450990277 0.07544095574818702 0.08285074769092589
0 0.32076014950015275 0.7726725397269438 0.16665676881613764 0.23710760367592557
0 0.32134223056018063 0.5011782485393976 0.16607457195929082 0.22460760367592555
1 0.6465433219592909 0.2666431724793969 0.15538532092583351 0.12874829952888867
1 0.040740855662624545 0.6742577062205555 0.02035104135632886 0.03601541244111104
1 0.03995745160984861 0.6407323067389352 0.02169521753501129 0.03146461347787035
1 0.03846557216417853 0.6087010567389352 0.021767992142117155 0.03302711347787035
5 0.6560983360179173 0.8059011621118044 0.15069782092583353 0.1283381964186109
5 0.20248306864952187 0.4884452197456941 0.07050089867609248 0.11042894354388881
5 0.1975428957806083 0.23202912441111073 0.07980312406898657 0.10968664976444434
5 0.08964265860088991 0.2708292013195832 0.05628854135632886 0.03915953628657398
5 0.09023981803034933 0.2335342528747221 0.057705492142117135 0.03617123732333329
5 0.09090975206691461 0.19780180442986095 0.05472604135632886 0.039022835249814716
3 0.03804377129733697 0.2655368171065277 0.05167381596343472 0.04031193317629622
3 0.03558870533390225 0.22953096658814812 0.051601041356328856 0.03874943317629622
3 0.034623364763361676 0.19209931710652772 0.051819365177646425 0.043436933176296225
3 0.48159041004863196 0.24987746310129538 0.16385279238978612 0.14349430471268487