4 0.52895434342786 0.42524106926323046 0.8416231426490723 0.6345815627784492
2 0.2601970170887588 0.1595273519653198 0.10231866943775678 0.08085110534690845
2 0.5416458747023838 0.619690503262276 0.11686455423577743 0.1513090560152719
2 0.19350595909205776 0.04307619597391029 0.03954588479802066 0.07074885200509066
6 0.32741795783841654 0.05245919195577477 0.036148100158284534 0.06133748933799978
6 0.36096624373179387 0.0505057932845477 0.03136967194503919 0.058157945337363445
6 0.39311115399835056 0.05403932594686608 0.03288670783841656 0.0566136266709089
6 0.5362045537735589 0.4595433439290487 0.11093280298213629 0.16217383068109026
6 0.8003626790046681 0.2986036545592322 0.10569973370266403 0.14336928668045398
6 0.2615766268139549 0.44867166796627433 0.1124953029821361 0.16219201201463562
8 0.45342652837152997 0.05880809460536646 0.07387542069139812 0.06958634134309045
8 0.5278271347980207 0.06419448126195784 0.07387542069139794 0.06958634134309047
0 0.6027589386380866 0.06097802725177648 0.07865384890464319 0.07276588534372679
0 0.26066368151195063 0.2830012146324107 0.22798391066226814 0.1588499306969986
0 0.5337063764182435 0.2931098219287306 0.21548391066226813 0.15870448002863508
1 0.8075891234487426 0.6275371765595503 0.11998955423577726 0.15134541868236298
1 0.3268352846397361 0.007575047979000967 0.03492056927947216 0.015150095958001934
1 0.36045176669304746 0.00814721264322835 0.030278533386094875 0.0162944252864567
1 0.3924830166930474 0.007965399307773903 0.031841033386094876 0.015930798615547807
5 0.2665094823825157 0.6182029179662744 0.11985316191590929 0.14665791868236297
5 0.5325948543149197 0.17433254992841238 0.10659699247815269 0.0668431493475448
5 0.7898306927947217 0.17837297056018672 0.10530727711788863 0.07619996801399935
5 0.7381879732778227 0.0687803419000955 0.03596624373179384 0.055087489337999784
5 0.7757561694377568 0.07068773989500483 0.032886707838416386 0.0566136266709089
5 0.8117618655976908 0.07261331922345961 0.03592077962517095 0.05352498933799978
3 0.7374689077592743 0.021208918284547698 0.03739235141192587 0.042417836569095396
3 0.7733836757059629 0.020604662615388722 0.03582985141192587 0.041209325230777444
3 0.8109064077592741 0.02079074761300247 0.040517351411925515 0.04158149522600494
3 0.8051364102000497 0.4626661545592322 0.13427937476889085 0.15932155068427195