4 0.51640625 0.43125 0.8234375 0.62421875
2 0.25546875 0.1625 0.10078125 0.0796875
2 0.5234375 0.62578125 0.11328125 0.15
2 0.1921875 0.0453125 0.0375 0.0703125
6 0.32578125 0.05625 0.03359375 0.0609375
6 0.359375 0.0546875 0.0296875 0.0578125
6 0.39140625 0.05859375 0.03046875 0.05703125
6 0.52265625 0.465625 0.10625 0.1609375
6 0.79140625 0.3078125 0.1015625 0.1421875
6 0.2484375 0.4515625 0.1078125 0.1609375
8 0.4515625 0.0640625 0.07265625 0.06796875
8 0.52578125 0.0703125 0.071875 0.06875
0 0.60078125 0.06796875 0.0765625 0.07265625
0 0.25234375 0.2859375 0.2234375 0.15703125
0 0.525 0.29921875 0.2109375 0.15625
1 0.7890625 0.63671875 0.115625 0.14921875
1 0.3265625 0.009375 0.034375 0.01875
1 0.36015625 0.01015625 0.0296875 0.0203125
1 0.3921875 0.01015625 0.03125 0.0203125
5 0.2484375 0.62109375 0.11640625 0.1453125
5 0.52734375 0.18046875 0.1046875 0.06484375
5 0.784375 0.1875 0.10390625 0.07421875
5 0.7359375 0.07734375 0.034375 0.0546875
5 0.7734375 0.0796875 0.03203125 0.05625
5 0.809375 0.08203125 0.03515625 0.05390625
3 0.73671875 0.02578125 0.0359375 0.05078125
3 0.77265625 0.025 0.034375 0.04921875
3 0.81015625 0.02578125 0.0390625 0.05078125
3 0.79140625 0.471875 0.1296875 0.1578125