2 0.19614465965636696 0.03049297105719695 0.03773237336031983 0.0609859421143939
2 0.31773305461341284 0.028093629312406904 0.029919873360319826 0.05618725862481381
2 0.3471748931480236 0.02814947893310472 0.034361711894930556 0.05629895786620944
2 0.3776026995704587 0.027232759917350736 0.031236711894930557 0.05446551983470147
8 0.4321264252601992 0.030844108704553574 0.06947369629109837 0.06168821740910715
8 0.4967245137948099 0.0328212613548197 0.0668400192218769 0.0656425227096394
8 0.4728034984181203 0.4335954261934005 0.1901756999091429 0.18510780788560605
8 0.7167172727283797 0.410573288002413 0.19042136137453217 0.18979530788560606
0 0.5686404573723748 0.027312766126268557 0.07416119629109837 0.054625532252537114
0 0.6961547099743666 0.580279881184672 0.18968437697836435 0.17573280788560605
5 0.6910101023294206 0.019556309153897194 0.034116050429541286 0.03911261830779439
5 0.724481021596726 0.019747692259325943 0.034197937584671045 0.03949538451865189
5 0.7596782151742909 0.01635967748593742 0.03387038896415202 0.03271935497187484
5 0.4856321263009959 0.24818408467813144 0.104818054047586 0.15947033697334118
3 0.49177366293572733 0.1309965846781314 0.11528416327441171 0.06230829454968654
6 0.25262595375433017 0.1372936084750326 0.10237472749876275 0.05347542848861027
6 0.22909004070706124 0.616072312717398 0.09799484396167771 0.14802265394280312
6 0.46404157281923686 0.6007829261934005 0.09454229534115868 0.14151756242753386
6 0.7229683519907365 0.23192212951768204 0.09922315128862387 0.17146015394280303
2 0.24237344923177445 0.25870622286911893 0.11279432835784542 0.1632330657615139
0 0.23341012777133394 0.4445799499903017 0.20316702283992144 0.19550317394668237
4 0.4615318057450666 0.4111782922544768 0.7533063794647552 0.7180460485118862