2 0.12799761358014378 0.8015625 0.06767545808725761 0.034375
2 0.12065678490713946 0.6796875 0.06685433124924453 0.0265625
2 0.12222400292268969 0.65 0.06265950735205239 0.03125
2 0.11980285825443862 0.61953125 0.062331056616847166 0.028125
8 0.11717997038834693 0.56484375 0.08033496543931004 0.065625
8 0.11505211763283822 0.5 0.08938151470410478 0.0625
8 0.5270172056842422 0.50234375 0.189362642641904 0.18125
8 0.4982730483382335 0.25859375 0.19405014264190382 0.18125
0 0.10671650072311774 0.428125 0.08082764154211786 0.0703125
0 0.6682547385952532 0.2703125 0.1799876426419038 0.18125
3 0.04670347131490817 0.303125 0.03330045808725764 0.034375
3 0.04473512591145186 0.26953125 0.034698732719655 0.0328125
3 0.04112216782419423 0.23515625 0.03519140882246287 0.0375
5 0.0992935593663121 0.30546875 0.05797200735205239 0.03125
5 0.09810646396285579 0.271875 0.05953450735205239 0.03125
5 0.09363014319179686 0.23671875 0.05328450735205239 0.03125
5 0.3415325049490369 0.49921875 0.16174447279136234 0.096875
3 0.22434500494903692 0.49921875 0.06494922646738858 0.1125
6 0.23627234887603904 0.7390625 0.055987148894170245 0.1015625
6 0.7150143735084364 0.7375 0.15015007132095198 0.090625
6 0.6942047056842421 0.50234375 0.14357162058574674 0.0875
6 0.3196952490734387 0.26171875 0.1735875713209519 0.090625
2 0.3577766622950455 0.74296875 0.16569059962937552 0.1046875
0 0.5436320496112442 0.7421875 0.2000514455827247 0.19375
4 0.5048935086250631 0.51484375 0.7349186690972049 0.71875