2 0.1984375 0.04375 0.034375 0.0640625
2 0.3203125 0.04921875 0.0265625 0.0640625
2 0.35 0.05390625 0.03046875 0.05859375
2 0.38046875 0.0546875 0.02890625 0.06015625
8 0.43515625 0.0578125 0.065625 0.0734375
8 0.5 0.0625 0.06171875 0.0828125
8 0.49765625 0.47421875 0.18046875 0.1703125
8 0.74140625 0.47109375 0.18046875 0.17578125
0 0.571875 0.06171875 0.0703125 0.0734375
0 0.7296875 0.63984375 0.18203125 0.1609375
3 0.696875 0.01484375 0.034375 0.0296875
3 0.73046875 0.01640625 0.0328125 0.03203125
3 0.76484375 0.01640625 0.03671875 0.03203125
5 0.69453125 0.0671875 0.03125 0.0546875
5 0.728125 0.06953125 0.03046875 0.05703125
5 0.76328125 0.06875 0.03046875 0.05078125
5 0.50078125 0.2890625 0.09765625 0.1515625
3 0.50078125 0.171875 0.11171875 0.053125
6 0.2609375 0.15859375 0.10078125 0.0453125
6 0.2625 0.6375 0.08984375 0.14140625
6 0.49765625 0.64140625 0.08671875 0.134375
6 0.73828125 0.2921875 0.090625 0.1640625
2 0.25703125 0.2796875 0.1046875 0.1546875
0 0.2578125 0.465625 0.19296875 0.1796875
4 0.48515625 0.45078125 0.71875 0.659375