4 0.4921875 0.4328125 0.74375 0.62734375
6 0.3140625 0.05546875 0.03125 0.0484375
6 0.34453125 0.05234375 0.0296875 0.05390625
6 0.37421875 0.05859375 0.0296875 0.0484375
6 0.2484375 0.27890625 0.0984375 0.1640625
6 0.74765625 0.45078125 0.10546875 0.15234375
5 0.746875 0.26953125 0.10234375 0.15546875
5 0.4984375 0.44921875 0.1015625 0.1484375
5 0.6984375 0.065625 0.03515625 0.0484375
5 0.734375 0.06640625 0.03515625 0.05390625
5 0.76953125 0.06953125 0.03046875 0.0484375
2 0.49765625 0.159375 0.08203125 0.0453125
5 0.25078125 0.14609375 0.09140625 0.05390625
3 0.69921875 0.0171875 0.03359375 0.034375
3 0.73515625 0.015625 0.03515625 0.03125
3 0.771875 0.01796875 0.0328125 0.0359375
3 0.49921875 0.27734375 0.11484375 0.15703125
1 0.2484375 0.446875 0.11328125 0.15703125
8 0.25 0.60703125 0.1828125 0.15546875
8 0.49375 0.6 0.17890625 0.15234375
8 0.7453125 0.61953125 0.1859375 0.15703125
8 0.425 0.06171875 0.06484375 0.07109375
8 0.49765625 0.05625 0.06171875 0.07421875
0 0.57109375 0.06328125 0.07109375 0.06015625
2 0.19140625 0.04140625 0.034375 0.05859375