4 0.4979122053610266 0.5494542967424719 0.7547139626580366 0.6540973223094874
6 0.6694506457045195 0.9205777846767542 0.032095479707460586 0.04952877404661713
6 0.6389273486266187 0.924766776872206 0.03061480032431163 0.054161710344286365
6 0.6093489427824201 0.9195534872164923 0.030532979707460585 0.04947421034428601
6 0.738975761774418 0.6948486091788583 0.10130122158978558 0.16750001324684405
6 0.24275710105895548 0.5404067120735668 0.10892280681713329 0.15683533175849823
5 0.24037462054071607 0.7216294302224013 0.10585235389503404 0.15985120435383654
5 0.49194857752000515 0.5332663015517953 0.10415348620028234 0.1519841406515056
5 0.28525292370769667 0.9238442054501448 0.03522047970746058 0.04963790145127902
5 0.2493290604771719 0.9243179206037546 0.03530230032431163 0.05432540145127902
5 0.21422735755507255 0.9224206039061988 0.032095479707460586 0.04952877404661713
2 0.4876705860447171 0.82308276970063 0.08360343262955983 0.04820437622353531
5 0.7343137609636392 0.8277429547323546 0.09311480032431163 0.056344258437520625
3 0.28362619400023614 0.9723089873013102 0.034975017856907445 0.03557540145127902
3 0.24766142046128578 0.9751264524549199 0.03492047077900686 0.03245040145127902
3 0.2109835807697113 0.9740649494596951 0.03343979139585782 0.03708333774894825
3 0.48816723823546776 0.7051685834029607 0.11835235389503396 0.16028771397248337
1 0.7419076672115796 0.5268798591788583 0.11522735389503395 0.16017858656782166
8 0.7431407049539895 0.36677817288118925 0.18553985389503397 0.16263395317271012
8 0.49926797402871304 0.3823213604448027 0.18079780681713337 0.15934526206571756
8 0.24804639326559222 0.3715748665200705 0.18866485389503404 0.16274308057737183
8 0.5586222398603209 0.9182018075422451 0.06687958279171564 0.0741666754978958
8 0.48587053247399464 0.9262077697006298 0.0638091298696164 0.07718254809323426
0 0.41255576339927114 0.9217410137101801 0.07291139448011279 0.061884930307219574
2 0.7918614338539665 0.9303570340437822 0.03541139448011297 0.06057540145127902