4 0.5111123003459012 0.596764210043351 0.7474043243500063 0.6714435045558002
6 0.6914326220636289 0.9796768786286115 0.03153180113146803 0.04064624274277691
6 0.6609820527817881 0.9792029536427289 0.02999657220870695 0.041594092714542084
6 0.6312581913454697 0.9763852786568463 0.029969301131468028 0.047229442686307264
6 0.7557577007152436 0.7648672808641594 0.09939198770335995 0.16979583148532634
6 0.2555390112164856 0.5639160997600036 0.10714085518980258 0.15931335779368574
5 0.2573747428697213 0.7452116023908395 0.10403403590796181 0.1622563472703419
5 0.5047668515755652 0.5799939389966635 0.10242608411256367 0.15435284200867017
5 0.3069985347296114 0.9519390155026668 0.034656801131468115 0.050439615756780756
5 0.2710564895500716 0.9490646444842143 0.03468407220870695 0.055127115756780753
5 0.23588205883191238 0.9438920260965977 0.03153180113146821 0.05025760523343692
2 0.5072343631848343 0.8698831916274994 0.08307612041330899 0.05013577886860787
5 0.7541866312370111 0.8975432729716516 0.09249657220870695 0.05849431043863902
3 0.30649908586107955 0.9910712274967203 0.03457498789975162 0.017857545006559405
3 0.2705706762201592 0.991587166987494 0.034556807181592396 0.0168256660250119
3 0.23383829068153972 0.9881968564782678 0.03302157825883114 0.023606287043464392
3 0.5049855410743233 0.7518234363658276 0.11653403590796181 0.1629843893637169
1 0.7547804871141846 0.5968985308641594 0.11340903590796181 0.16280237884037305
8 0.7522862253085238 0.43665127560248757 0.1837215359079618 0.1668976156156063
8 0.5085771319243821 0.4294857047816791 0.1790158551898024 0.16349959983059073
8 0.2569010024358869 0.3953026076525114 0.1868465359079618 0.16707962613895005
8 0.5804587606273104 0.9669612879000657 0.06604315651766246 0.06607742419986842
8 0.5078343268840891 0.9668440431970312 0.06293633723582168 0.06631191360593754
0 0.43435592026823083 0.9616996943289227 0.0722204336450254 0.06356124203690498
2 0.8141706852953454 0.9875002075183957 0.034720433645025396 0.024999584963208577