2 0.18125 0.0125 0.03359375 0.02421875
6 0.30859375 0.01875 0.0328125 0.0375
6 0.3390625 0.01875 0.03125 0.0375
6 0.37265625 0.02109375 0.03515625 0.04140625
6 0.50390625 0.4359375 0.0984375 0.1734375
6 0.76171875 0.43203125 0.1015625 0.16171875
6 0.24609375 0.43984375 0.10078125 0.1703125
5 0.24609375 0.2453125 0.1078125 0.16015625
5 0.50234375 0.121875 0.08671875 0.05546875
5 0.7609375 0.24453125 0.10625 0.1515625
8 0.24375 0.125 0.18984375 0.06640625
1 0.7578125 0.1203125 0.11484375 0.03828125
1 0.503125 0.24296875 0.1140625 0.153125
5 0.2484375 0.61328125 0.10859375 0.1359375
2 0.50390625 0.60859375 0.103125 0.1359375
3 0.75546875 0.61171875 0.1171875 0.153125
4 0.49609375 0.41953125 0.7796875 0.6828125
8 0.42890625 0.021875 0.06953125 0.04375
8 0.50390625 0.0234375 0.06640625 0.046875
8 0.57890625 0.025 0.06953125 0.05