6 0.6558270127991097 0.9988471695690301 0.03555706677218975 0.0023056608619398842
6 0.5125062924907879 0.5958536320136595 0.10348401583511765 0.1797456616279071
6 0.2548074527573446 0.5832385063215215 0.10629076708875881 0.1690084207272058
6 0.7702051322242311 0.6084687577057974 0.10495558762187222 0.17672079117755662
5 0.775865413498755 0.8030000077057974 0.11244983887551356 0.1662839389258032
5 0.5232070779219468 0.9100162615633088 0.08913670783841657 0.061857254780362324
5 0.2610443955520663 0.7707885710963461 0.11066001834240007 0.15837130937615385
8 0.7817098997087013 0.9234627020302714 0.19253449247815269 0.0778408050572171
1 0.2677837920285695 0.8952075801956447 0.11671613855894432 0.04490958667404996
1 0.518902359658689 0.7888724467884841 0.1185179824490227 0.16043445712440044
5 0.7628148663891137 0.4348810633813235 0.11333037727617334 0.14294656847545256
2 0.5074825087089817 0.42319738201365953 0.10708037727617317 0.14254605027685513
3 0.25582908049573627 0.40395152452011873 0.12164298244902279 0.16063471622369896
4 0.5207961656103259 0.6127605297619061 0.7995553145941117 0.7327771452750114
8 0.5995542807457983 0.9953222501522709 0.070022994985435 0.009355499695458036
8 0.5245088166391757 0.9914067057355119 0.06698892319868044 0.01718658852897619
8 0.4494633525325531 0.9873659993816911 0.07176735141192588 0.02526800123661772