2 0.06018675711604891 0.8201373741630039 0.027002115756780666 0.037149748326007884
6 0.05901982828979321 0.6934873112445057 0.039411110495108835 0.03697462248901147
6 0.05724522568719216 0.6630185612445058 0.039320105233436986 0.03541212248901147
6 0.057632362561247395 0.629684943900069 0.04262711575678069 0.038883966029762365
6 0.4648316705808121 0.5444784239347582 0.1791708314853265 0.11768731651167794
6 0.44590955240495694 0.2862323695088195 0.16841534200867017 0.11959836411904963
6 0.4837537887566672 0.8027244783606969 0.17613683674699826 0.11890297297092686
5 0.2892225387566672 0.78113346794895 0.16565436305535766 0.12550152057829855
5 0.15086017584248396 0.5111831480892872 0.06134629465362353 0.0937431837335172
5 0.2584550550357929 0.2662030070637622 0.15775085779368575 0.12307191172642132
8 0.16904654664917493 0.7701237416300382 0.07672764192396561 0.19790871435577023
1 0.1344183155591366 0.25554097631891176 0.0442343893637168 0.11978712248901147
1 0.27190842321164804 0.5238420852933867 0.15976838410204497 0.13105783349679676
5 0.6570547808641594 0.8196305448723749 0.1423078683170294 0.12446269402266666
2 0.637487920580812 0.5636415295612485 0.1419438472703421 0.11821269402266665
3 0.6259610734516444 0.31242587310199943 0.15995039462538863 0.13418283349679677
4 0.4488804468891713 0.5504699953458156 0.7282241255742526 0.8554728136540837
8 0.055137423141060835 0.5735216547852566 0.0478452367752332 0.07516830957051326
8 0.052331670580812076 0.49869507655563217 0.05069722099021767 0.07082765311126434
8 0.049525918020563324 0.4238684983260077 0.05400423151356136 0.0742994966520154