4 0.5015625 0.41796875 0.75703125 0.6375
6 0.2625 0.14296875 0.09921875 0.0875
6 0.509375 0.621875 0.0953125 0.153125
6 0.74765625 0.14453125 0.090625 0.06171875
6 0.3234375 0.028125 0.034375 0.05625
6 0.35390625 0.0265625 0.02890625 0.053125
6 0.38359375 0.028125 0.0296875 0.05625
6 0.25546875 0.4453125 0.10078125 0.17734375
2 0.19921875 0.025 0.03671875 0.05
5 0.25703125 0.27109375 0.10625 0.15078125
5 0.5078125 0.271875 0.10078125 0.14296875
5 0.75234375 0.60703125 0.103125 0.14296875
1 0.75546875 0.434375 0.109375 0.15625
0 0.25703125 0.6265625 0.20625 0.1703125
8 0.5078125 0.446875 0.1953125 0.18125
3 0.75390625 0.25546875 0.11875 0.15234375
8 0.4359375 0.03046875 0.065625 0.0609375
8 0.50625 0.03359375 0.06484375 0.0625
0 0.58046875 0.03046875 0.0671875 0.0609375
5 0.70234375 0.028125 0.03046875 0.05078125
5 0.7359375 0.02890625 0.03203125 0.05625
5 0.76875 0.028125 0.034375 0.05625
3 0.5078125 0.14609375 0.11640625 0.07421875