4 0.6141728354374321 0.528671041146932 0.6859627020302714 0.7859420396991899
6 0.8738530143410859 0.3024168719975628 0.09390829117755643 0.10407537799792799
6 0.41076723318567865 0.5269864549196175 0.15923290252860872 0.10244441149637407
6 0.9033807395072001 0.7875003473904569 0.06830751387966068 0.09353598428423435
6 0.9816876958656333 0.3687033056198433 0.03662460826873328 0.0369948858558109
6 0.9843265885243635 0.3992448302269492 0.03134682295127291 0.030599336641599174
6 0.9836902868586199 0.4288595556198433 0.032619426282760246 0.0323073858558109
6 0.571058681367664 0.2813037355225794 0.18453329117755662 0.1082963052100677
2 0.9807824814922483 0.24463010483405503 0.038435037015503326 0.03982878742738745
5 0.7453775609173133 0.2909806042148825 0.15680880937615385 0.11323636228216234
5 0.7606671036360294 0.5417254669113295 0.1501582911775566 0.10669526385373888
5 0.4411811281561482 0.7706465636871231 0.15035855027685513 0.10982026385373907
1 0.6140376372554467 0.7818131577723204 0.16325906847545255 0.11665246071058562
0 0.38990881091731333 0.2744243810982999 0.18352960055371037 0.21418243217453847
8 0.5856671036360294 0.5335747109154735 0.19376619370616516 0.20375435442427942
3 0.7928437577057974 0.7885833502859411 0.16073484577334848 0.1258819114963739
8 0.9824479619047624 0.4810941437091845 0.035104076190475196 0.06846320967712849
8 0.9827477517718721 0.5512610944949727 0.03450449645625575 0.06853598428423417
0 0.9870539211886312 0.6256253937091845 0.0258921576227376 0.07002570967712848
5 0.9954409685354383 0.7476095556198433 0.009118062929123382 0.033578787427387444
5 0.9945642361941684 0.7811669183162904 0.010871527611663013 0.0338698858558109
5 0.9959561566906618 0.8140158056198434 0.008087686618676315 0.03699488585581108
3 0.8864483536360293 0.547583822783351 0.08240958667404996 0.11911818114108108