4 0.5966252282258806 0.5218874791182438 0.6595046276053778 0.7785119905509891
6 0.8646692199126104 0.29242819072847437 0.09040970282385175 0.10305556733052797
6 0.39294629875899406 0.5225794159640671 0.1558983105039836 0.10065974282842376
6 0.877223325018953 0.7775298770261436 0.06513691818411545 0.09280754809323426
6 0.9763304824490227 0.3573761228497923 0.047339035101954606 0.036339293283910834
6 0.9783817215952165 0.38789943655212317 0.04323655680956691 0.02998016587924912
6 0.9772397645814763 0.4175323728497923 0.045520470837047355 0.03165179328391084
6 0.5621208814328084 0.27483886432745386 0.18103470282385156 0.10622026206571755
2 0.9776255521574597 0.233266500254454 0.04474889568508047 0.03924603847458741
5 0.7363850955394311 0.28248521713734426 0.15309155925034226 0.11148811542376214
5 0.7429008346523713 0.5332391852861788 0.14665970282385157 0.1050198606144388
5 0.41485971733882093 0.7660665211362103 0.146750631037097 0.1081448606144388
1 0.5876068955520664 0.7752208102437698 0.15943248746358768 0.11483137023308547
0 0.38091634553943104 0.2700719748570745 0.17631376207419383 0.21219744355406328
8 0.5679008346523713 0.527128050625123 0.18693301332783516 0.20164188947037937
3 0.7664676814454436 0.7799058541606528 0.15658027210332365 0.12409724282842394
8 0.9753961197543258 0.4697942772962961 0.0492077604913483 0.06775298439090349
8 0.9744659371533363 0.5399976498916343 0.05106812569332746 0.06780754809323426
0 0.9774874686589692 0.6143255272962961 0.045025062682061544 0.06931548439090349
5 0.9834282374303343 0.7362823728497923 0.03314352513933159 0.03299603847458741
5 0.9819638515765281 0.7698488409986269 0.03607229684694389 0.03321429328391083
5 0.9828091176427549 0.8026886228497924 0.03438176471449026 0.036339293283910834
3 0.8686820846523713 0.5376315633238127 0.07836434389007821 0.11824405771188111