2 0.956569007487724 0.2628843825966454 0.0553550066555303 0.044532172615379825
4 0.5151146778291558 0.5417832516736072 0.7423701264550768 0.8226682439999372
6 0.9402122562399384 0.38752918508615636 0.06400067845254398 0.03743006763635792
6 0.937294943427992 0.4187791850861563 0.056042312811946715 0.03527557178554268
6 0.9336693134363443 0.4491887355010748 0.06170885024955695 0.029499168466194804
8 0.9252931503748407 0.5052019371607488 0.07356356613971186 0.05677206348717299
8 0.9185833309073639 0.5770769371607487 0.07087616306150366 0.06122276514684692
0 0.914998511439887 0.6491887355010748 0.0690639538268794 0.07504846680652086
5 0.8969333945515039 0.7752776388204228 0.05291731281194636 0.035038773445216796
5 0.8991201676380642 0.8108482859159934 0.04979231281194636 0.034801975104890914
5 0.8912236235449231 0.8448680884055044 0.05447981281194636 0.035157172615380004
6 0.8233176990435325 0.316516100228359 0.07212713227942302 0.10786096680652095
2 0.7987813606494545 0.562491451058196 0.07423107279524181 0.09716026514684692
0 0.7667032425132857 0.8134027556222992 0.07858724251227596 0.1936800676363582
5 0.6971198631450258 0.30301951744515404 0.14800232612300715 0.12291912697434615
3 0.6614791480870652 0.5583815236689313 0.17641905740420186 0.12817531203728053
1 0.6497864627711951 0.810050767445154 0.16660646048240987 0.12277741701630233
6 0.5001719303247272 0.28888247200461303 0.1827729009982285 0.11314230788809568
5 0.4794478980870651 0.5445880203449391 0.1708563635606179 0.11844511452679143
5 0.47009896277119506 0.7964348628764062 0.17241886356061792 0.11856351369695446
8 0.3213386131450259 0.2745445170209468 0.17760820507466518 0.2073892153566284
8 0.3012499652667665 0.5318717649463544 0.17233724251227595 0.2007840178461393
6 0.2829636268726884 0.7783207124568434 0.172668572795242 0.10461941286711748