2 0.1890625 0.02578125 0.03984375 0.0515625
4 0.49921875 0.43828125 0.77109375 0.6703125
6 0.3140625 0.03046875 0.0328125 0.0609375
6 0.3453125 0.03046875 0.03125 0.053125
6 0.37578125 0.03125 0.02578125 0.059375
8 0.43203125 0.034375 0.0515625 0.06796875
8 0.50390625 0.034375 0.05546875 0.06484375
0 0.57578125 0.03125 0.06953125 0.0625
5 0.70234375 0.0375 0.03046875 0.05
5 0.7375 0.03203125 0.03046875 0.04609375
5 0.771875 0.03671875 0.03125 0.0515625
6 0.25234375 0.153125 0.10390625 0.0625
2 0.4984375 0.1546875 0.0921875 0.06640625
0 0.75 0.16328125 0.1890625 0.0609375
5 0.2484375 0.2796875 0.11171875 0.13828125
3 0.5046875 0.29140625 0.11640625 0.16640625
1 0.75546875 0.2796875 0.1109375 0.15703125
6 0.24921875 0.4765625 0.1 0.1734375
5 0.5046875 0.4734375 0.10546875 0.1609375
5 0.75546875 0.459375 0.10625 0.1625
8 0.2484375 0.65546875 0.1953125 0.15859375
8 0.50546875 0.6515625 0.1890625 0.1546875
6 0.7515625 0.646875 0.0921875 0.1640625