2 0.7314127201148672 0.9459001884902858 0.04327151000193972 0.052926592558271326
4 0.4549285501303846 0.5442310834029607 0.8265921300252156 0.6972669689514429
6 0.6067953573877708 0.9455777846767542 0.037786784547746956 0.0620833377489479
6 0.5755453573877708 0.9466690587233714 0.035586555759574166 0.05421627404661713
6 0.5451403802665882 0.9469518009188231 0.029846738790112327 0.060248019237293705
8 0.48914547178185713 0.945791094202734 0.057174513335919566 0.07055060217691818
8 0.4172704717818571 0.9483010245099532 0.06160692182065049 0.06758929328391047
0 0.3451403802665881 0.9539359548171726 0.0754143303053814 0.06495536660488846
5 0.2190880632971262 0.9521056147059721 0.03533146424430509 0.05109127404661677
5 0.18348540314540535 0.9588020480084163 0.0350763727290361 0.04796627404661713
5 0.14949304041830896 0.9553149494596951 0.03545901000193963 0.05265377404661713
6 0.6785264493620818 0.8207662684346854 0.1097893303053814 0.06615576805616712
2 0.4325602451197164 0.8277975515517951 0.09754442182065048 0.06884425843752026
0 0.18169924678670632 0.8279885576270631 0.19403678454774687 0.06753970798203354
5 0.6927639057304792 0.6940673591788583 0.12372402667183913 0.14142858656782167
3 0.4374704989127382 0.6912970563611187 0.12914485030926084 0.1696627139724832
1 0.1857326557304792 0.711773280585221 0.12369207576345351 0.1601240228654909
6 0.7080534211924306 0.49721964103002375 0.11415757909743345 0.17692957694917483
5 0.4523295796771616 0.5092658063611187 0.11938721303635713 0.16464783175849823
5 0.20040041785845078 0.532085780585221 0.11951475879399168 0.16621033175849825
8 0.723438660441585 0.31828610917885836 0.2083221672787225 0.16619546279135697
8 0.46608854604749866 0.33116808821228416 0.20168953000581896 0.16128970798203354
6 0.21961215877459503 0.3444493713293939 0.10557980455162622 0.16728175843752044