4 0.55546875 0.4203125 0.88515625 0.6625
2 0.25703125 0.12109375 0.1015625 0.053125
2 0.54765625 0.128125 0.09921875 0.0546875
6 0.84375 0.13515625 0.11328125 0.06015625
0 0.25625 0.24921875 0.2375 0.17890625
0 0.55390625 0.4359375 0.234375 0.178125
0 0.8515625 0.446875 0.23671875 0.18203125
6 0.25703125 0.43515625 0.1140625 0.1671875
6 0.55078125 0.6109375 0.109375 0.1453125
6 0.34140625 0.01953125 0.03671875 0.03828125
6 0.3765625 0.01875 0.03359375 0.03671875
6 0.4109375 0.01953125 0.034375 0.03828125
2 0.19296875 0.01328125 0.0453125 0.0265625
8 0.47734375 0.02421875 0.08046875 0.0484375
8 0.5578125 0.0234375 0.0765625 0.046875
0 0.646875 0.025 0.08515625 0.05
5 0.79609375 0.02109375 0.03984375 0.04140625
5 0.83828125 0.021875 0.03984375 0.04296875
5 0.88125 0.02265625 0.040625 0.04453125
5 0.553125 0.25234375 0.11875 0.15390625
1 0.83984375 0.61796875 0.12734375 0.13125
5 0.2578125 0.6046875 0.12109375 0.1328125