4 0.4375737937350843 0.574514910606321 0.8751475874701686 0.6727906347867219
2 0.7020330335029552 0.870261025899141 0.10403683664159917 0.05430678668045417
2 0.41173551923493157 0.8666115039385935 0.10254711124870504 0.05585110534690827
6 0.11596925496690794 0.8630256166454554 0.11526543507002258 0.060684056015271895
0 0.7087818012856355 0.7421269352323683 0.2457963052100677 0.18088856269890757
0 0.4198221168347855 0.5588717292727756 0.2426713052100677 0.18085220003181668
0 0.12284130180010958 0.5513977733131827 0.24568260360021915 0.18557606269890775
6 0.7166607295312325 0.556198525899141 0.12184938296032684 0.16851473734881744
6 0.4310978728306415 0.38383536660568457 0.11614303846084476 0.14658519334818115
6 0.6129276840410744 0.9728053179105949 0.03924659057054072 0.037936352005090865
6 0.5777350467375216 0.9739956479153676 0.03612159057054072 0.03789998933799978
6 0.5433964340410744 0.9736143872533674 0.03612159057054072 0.03789998933799978
2 0.761074085612651 0.9773280912237778 0.0465496683207995 0.027089758672817866
8 0.47720850786239205 0.9696995939290488 0.08350601282028158 0.04938292934436319
8 0.3967033705588391 0.9714171826066391 0.07874573821317572 0.04776588534372692
0 0.30771364516594496 0.9708910186187294 0.08670378742738745 0.05098179201145392
5 0.15831295864818035 0.9765335859723194 0.040954639784752264 0.04107953333863605
5 0.11616184595173326 0.9762432319780465 0.04266268899896399 0.04422271467218124
5 0.07322948325528619 0.9759619686505463 0.04266268899896399 0.04422271467218124
5 0.4120523504998472 0.7424563886060028 0.1258819114963739 0.1545067813494537
1 0.14236285856261788 0.3801676633115919 0.13423806699689203 0.13274086935072643
5 0.723775524402218 0.38667636656591375 0.12806084160399783 0.1342306440165446