4 0.4884573421304819 0.6211862747499379 0.9345762481491222 0.7450599525780838
2 0.809568283216701 0.9482653621040263 0.10558807178554304 0.06260626663882576
2 0.5184104869509674 0.9141031029529245 0.10414397095570589 0.0640229009982285
6 0.22178394068523377 0.8794303140597322 0.11699916846619489 0.06987732612300732
0 0.8006408012633329 0.820213294924325 0.2509975053985848 0.20029657737079276
0 0.4888358504288516 0.6057071403905352 0.24787250539858477 0.20000484608959823
0 0.1903508062377105 0.5669822358567455 0.2513527029090738 0.20498407737079277
6 0.7857700500139332 0.6342028621040263 0.12673121120744354 0.17783569176360442
6 0.47870014337059297 0.43099887167172996 0.12038612282516112 0.15552309484181243
8 0.5965965317668085 0.998281025062137 0.08492037427505376 0.0034379498757260763
8 0.51618698135189 0.9954156340472039 0.08011447510489074 0.009168731905592153
0 0.4270060821817269 0.9895136312394335 0.0881637734452168 0.020972737521132954
5 0.2780833301071345 0.987902947795242 0.042140878424238616 0.024194104409516016
5 0.235836630522053 0.9847254202370287 0.04394017676456467 0.03054915952594257
5 0.19280868093697148 0.9823291426788157 0.04394017676456467 0.03534171464236877
5 0.503529002923007 0.789373823210834 0.13035311867597627 0.16421078868539637
1 0.18910484710485936 0.3969824781612255 0.13807053029369404 0.14321098252898032
5 0.7721424900512451 0.4645986792837277 0.13193892946385688 0.1441900199665911