4 0.48070782531936757 0.4607080138544453 0.7616092178766698 0.8070234561740728
6 0.10306385968615354 0.6812992266729168 0.06122338450478395 0.03943293836009261
6 0.09628936589803974 0.6527347292648148 0.05576068348096943 0.031210335249814848
6 0.0933436020075445 0.6230472292648148 0.055915723685732346 0.03277283524981485
8 0.08260348504560563 0.5704006828934723 0.0576090679857534 0.06544863421305536
8 0.07265671603603771 0.5019240849669908 0.051204027780990494 0.06333933006601847
0 0.06521478620741814 0.42692408496699075 0.051204027780990494 0.06333933006601847
5 0.04335904972400408 0.30196304118754635 0.02981834430002106 0.03513641762490734
5 0.03846318532160157 0.2685059922243056 0.026538304095258147 0.0333005155513888
5 0.03575603071443614 0.23328139170592593 0.027945763890495245 0.03187471658814811
5 0.224580387467144 0.7305583499527317 0.07118225146672286 0.09296804147037019
5 0.26105401317159105 0.2324831434493523 0.15351753290006317 0.1110139953818516
5 0.5000065150122233 0.45665550089495455 0.1627374926953003 0.11027170160240711
6 0.3649728271599996 0.7159115066443987 0.16914253290006317 0.11238100574944418
6 0.4466814327620652 0.21309072007500082 0.17149233187624874 0.10484190782296263
3 0.3181303052169861 0.47414367167740795 0.17084797515245514 0.12956850574944417
2 0.18976669593365625 0.4908902572100466 0.06493225146672281 0.09242123732333311
1 0.5483340168528553 0.6975053848251861 0.15741773392387765 0.11909989745537004
8 0.7321663761361851 0.6759059124875939 0.17095462354773439 0.1930842016024071
8 0.6825089346026973 0.4375364795941216 0.18017458334297148 0.19234190782296262
8 0.6305913121477765 0.19227249773740857 0.16813970395726016 0.19593579952888857
1 0.14112911368349831 0.24691537327981505 0.062415314333403506 0.11388613421305545
2 0.11664197555527889 0.8022562756361575 0.058408464914309774 0.042284536286573984