4 0.44200286546630163 0.56875 0.8152477303004423 0.6890625
6 0.5886376735589046 0.96484375 0.04011148757622749 0.0578125
6 0.5593438230469973 0.96875 0.031833866961938816 0.053125
6 0.5296563230469973 0.96875 0.03339636696193882 0.053125
8 0.4759886823303271 0.97421875 0.06449132675717592 0.0515625
8 0.40692860192080127 0.97734375 0.06387116593812436 0.0453125
0 0.3319286019208013 0.97734375 0.06543366593812436 0.0453125
5 0.20521711069222387 0.98671875 0.035448183480969495 0.0265625
5 0.1714683204874609 0.98828125 0.033575603071443624 0.0234375
5 0.13638959058984237 0.9875 0.03216814327620652 0.025
5 0.6594856487113597 0.84921875 0.09370160819051634 0.0625
5 0.17731033987093817 0.7640625 0.1127011988381875 0.14375
5 0.44159711802583795 0.54921875 0.11206894006676489 0.153125
6 0.6710955171400214 0.70859375 0.11425160088581662 0.159375
6 0.19263512423772416 0.578125 0.10674918129534242 0.1625
3 0.42509743417095924 0.73125 0.13143910088581662 0.159375
2 0.41777536727801934 0.86015625 0.09308144737146477 0.05625
1 0.686968991199663 0.525 0.12082377924771333 0.146875
8 0.699794985361686 0.340625 0.19488144006676505 0.153125
8 0.45661182198309813 0.36640625 0.1942491812953424 0.1625
8 0.20624236839974727 0.39375 0.1976963596572391 0.15
1 0.1692784941041943 0.884375 0.11449132675717597 0.0515625
2 0.7098864637636675 0.96328125 0.04292640716670171 0.0546875