4 0.5015625 0.43125 0.74609375 0.68828125
6 0.315625 0.03515625 0.03359375 0.0578125
6 0.34453125 0.03125 0.0265625 0.053125
6 0.37421875 0.03125 0.02734375 0.053125
8 0.42734375 0.02578125 0.06015625 0.0515625
8 0.49609375 0.02265625 0.059375 0.0453125
0 0.57109375 0.02265625 0.06015625 0.0453125
5 0.696875 0.01328125 0.0328125 0.0265625
5 0.73046875 0.01171875 0.03125 0.0234375
5 0.765625 0.0125 0.0296875 0.025
5 0.25625 0.15078125 0.08671875 0.0625
5 0.746875 0.2359375 0.0984375 0.14296875
5 0.50390625 0.45078125 0.09765625 0.15234375
6 0.25859375 0.29140625 0.0984375 0.16015625
6 0.75 0.421875 0.09140625 0.16328125
3 0.50234375 0.26875 0.115625 0.15859375
2 0.496875 0.13984375 0.08671875 0.05625
1 0.2609375 0.475 0.10625 0.14765625
8 0.26640625 0.659375 0.1796875 0.15390625
8 0.50703125 0.63359375 0.17734375 0.16328125
8 0.7546875 0.60625 0.1828125 0.14921875
1 0.74296875 0.115625 0.11015625 0.0515625
2 0.19453125 0.03671875 0.03828125 0.0546875