4 0.5450754733407374 0.38352505190480807 0.8524255519385455 0.7380225781600346
8 0.2577036184286617 0.12927216129148625 0.198997171057197 0.0932535020669146
5 0.5108467653572181 0.09393601302967855 0.10245644737146478 0.06076202564056317
5 0.784974780714436 0.19889737903589452 0.12113385965723929 0.1549486732831983
5 0.2709595559358903 0.26286591129148623 0.1253441410905795 0.16603172249741008
5 0.3144846272289986 0.6540538374701687 0.12487902047629076 0.16134422249741007
2 0.5695839236456477 0.6147022772977022 0.12175402047629084 0.16119867328319834
3 0.8235022715980186 0.5871786290358946 0.13892942252391977 0.17755141935425697
6 0.8058397862074183 0.3933558544287886 0.12376954313820861 0.18151117328319835
6 0.293070932043161 0.46197549938082744 0.12110966375249728 0.1860531240689866
6 0.551366699586006 0.43110852729770216 0.12110966375249728 0.1860531240689866
0 0.5259752832739725 0.2305819884225727 0.2220399049810748 0.20008569892376152
1 0.7642224725929188 0.06094361476787087 0.12464152778099055 0.06490587014004516
8 0.42467177266191775 0.01041623045999136 0.06622096491430973 0.02083246091998272
8 0.4985029221500105 0.0055628335412272484 0.06575584430002106 0.011125667082454497
2 0.1812318530714436 0.01967141408227188 0.03902620614288721 0.03934282816454376
6 0.30771683296906216 0.014770917494484653 0.038406045323835514 0.029541834988969305
6 0.34092298245715486 0.011163247209214366 0.03028346491430973 0.02232649441842873
6 0.3706104824571549 0.01050827574526165 0.03340846491430973 0.0210165514905233