4 0.45036547865268417 0.4716056293344833 0.7700497194163874 0.8236738624906603
8 0.20678830179148006 0.7480595264495336 0.10118922752138851 0.1971017841302798
5 0.16100018228134164 0.4939558553746114 0.06472546427907391 0.10015118942018653
5 0.2552219081057866 0.22463046074922266 0.15929567049962942 0.11498650512049746
5 0.34038205179148007 0.7402785765765905 0.1706432736099071 0.12031104195220035
5 0.7313781986812022 0.7127942585277923 0.16581907257314796 0.11847552616718496
2 0.681478777615925 0.4565743506070497 0.16554567049962934 0.11535052616718496
3 0.6435031581057865 0.20201565322376816 0.1825376808672221 0.13188557878390342
6 0.4496164570690273 0.21173780567107742 0.18585817049962952 0.11653359456891899
6 0.5393957502363411 0.7263316557134297 0.1902722684261109 0.11368161035393456
6 0.49788502761592496 0.46726746885349185 0.1902722684261109 0.11368161035393456
0 0.2975822312445824 0.4844303949783246 0.20839613477870333 0.2142276419239657
1 0.11755581277120324 0.23971567640718128 0.06976427879370348 0.12220819994353027
8 0.07082353308254519 0.576160681598266 0.042968041470370255 0.0646841262801244
8 0.06042398383648051 0.5021694447524456 0.03828054147037026 0.06441111049510884
2 0.09527389481698917 0.8197286710749221 0.049882422808703655 0.03710515785015574
6 0.08341986083948941 0.6932116737057582 0.04363242280870363 0.036741136803468064
6 0.07657453854916539 0.6598454368599378 0.039823917624907355 0.02874662628012441
6 0.07397721885073953 0.6301579368599378 0.04009731969842587 0.03187162628012441
0 0.04988773355365659 0.4266157079066252 0.030604742507129502 0.0655185841867496