4 0.5046875 0.40703125 0.7828125 0.7015625
8 0.24375 0.140625 0.19140625 0.08359375
5 0.49921875 0.1171875 0.09609375 0.05625
5 0.76171875 0.234375 0.10703125 0.15078125
5 0.24375 0.27421875 0.11015625 0.1609375
5 0.2484375 0.665625 0.109375 0.15703125
2 0.50625 0.63828125 0.10546875 0.15703125
3 0.76171875 0.62265625 0.12265625 0.17265625
6 0.76328125 0.42890625 0.10625 0.1765625
6 0.24609375 0.4734375 0.10390625 0.18046875
6 0.50625 0.4546875 0.10390625 0.18046875
0 0.50078125 0.25390625 0.203125 0.18984375
1 0.7546875 0.09609375 0.11796875 0.06015625
8 0.42265625 0.0203125 0.0625 0.03671875
8 0.496875 0.01640625 0.0625 0.0328125
2 0.17890625 0.0234375 0.034375 0.046875
6 0.30546875 0.02265625 0.03359375 0.040625
6 0.3390625 0.01875 0.0265625 0.03671875
6 0.36875 0.01875 0.0296875 0.03671875
0 0.57265625 0.0125 0.0640625 0.025