2 0.788135020329791 0.8896816011751273 0.03844555737069442 0.04478712248901147
2 0.732032450325659 0.7891536675642076 0.09204333605604162 0.07099596268177777
2 0.4921614776798261 0.3482378617094718 0.10341855357097245 0.15797399330403056
5 0.4806336044859715 0.8100433225946595 0.09556837955902786 0.08853030622252867
5 0.23919098689479093 0.8383994861176708 0.09498649810013893 0.06353030622252867
5 0.28126742449010333 0.9389257156619696 0.0340853656913195 0.0583293571778853
5 0.24456685828569363 0.9422198772657933 0.032341027735416715 0.05034343540750967
5 0.21095492449010336 0.9467296953288662 0.032341027735416715 0.05034343540750967
5 0.743923999431319 0.31172320667901987 0.10647081838861112 0.15519583684478153
0 0.40554072587687423 0.9227949349171192 0.06856946846486114 0.06683213612614551
0 0.7365407252112841 0.6624177457938322 0.2036731267092362 0.1800104866080611
0 0.4834157252112841 0.6905120725946595 0.20062086189159736 0.18278864306731002
8 0.5492543582856937 0.9084026320425753 0.06380923328249999 0.06318687081501935
8 0.4781606082856936 0.9162933225946596 0.060684233282499986 0.0628400272742681
6 0.6624083217165617 0.9012983036903531 0.03074216014423605 0.048607513637134045
6 0.6311401379209715 0.9055479890978628 0.032268292553055564 0.047218435407509675
6 0.6030151379209714 0.9086695809646212 0.027580792553055566 0.046698170096382795
6 0.7414678806058677 0.48420603490864444 0.10047539152687505 0.16543964976327957
6 0.48674401301468706 0.5140362834798472 0.10054812670923621 0.16856464976327956
6 0.2334884603936452 0.7151345558547358 0.10185605357097235 0.15780057153365518
3 0.23668946162791618 0.5441275167399237 0.11955269984750014 0.1815832110077853
1 0.24450522767982602 0.3757252123139849 0.114137848023889 0.14981294569665887
4 0.49141267600871474 0.547804307283533 0.7694891096104867 0.7197002150913555