2 0.7309663099631463 0.9229812259395596 0.04081618969849785 0.04324725544788173
2 0.681109444361112 0.8200472500768747 0.09559928454774677 0.06727461733238087
2 0.4685919216514726 0.3688335833845831 0.11198930121764636 0.15386768119435104
5 0.4301209002704674 0.830606963706414 0.1001272878817268 0.08468063861970414
5 0.1885871045128329 0.8490502331521519 0.09808655575957417 0.05968063861970378
5 0.22450901587250174 0.9514050548077926 0.037276601517208796 0.05698197351689629
5 0.187854038751319 0.9531914299338432 0.0350763727290361 0.04906021287323483
5 0.15419651587250174 0.9563217837725706 0.0350763727290361 0.04906021287323483
5 0.7208559233184626 0.3426488697550437 0.11485920970237729 0.1509612024816745
0 0.34891908450895354 0.9403750836366846 0.07203423879011232 0.06407320767745475
0 0.6930031507295094 0.6933754894332129 0.21288212152108804 0.17179786238870207
0 0.43987815072950937 0.7110757137064139 0.21001221303635714 0.1747043411013786
8 0.49254153875131906 0.931885604419805 0.06709164727484343 0.06062042574646931
8 0.42144778875131905 0.9368569637064139 0.06396664727484325 0.06040190445914604
6 0.6053763785995981 0.9294329577543291 0.03338632697140156 0.047388452229572664
6 0.5740626057207809 0.9323994206275639 0.03482128121376711 0.045935212873234835
6 0.5459376057207809 0.9343661122134751 0.030133781213767107 0.045607430942249394
6 0.7083246170998464 0.515195859111382 0.10950203000581897 0.1614616599070276
6 0.45350957134221187 0.5345678440282449 0.10975712152108805 0.1645866599070276
6 0.19013324224477843 0.7254324166922915 0.11042680121764636 0.15375842055068922
3 0.20331825270576007 0.5543932970141224 0.12939994182452982 0.17683528763096845
1 0.22093567165147263 0.38615139540496807 0.12216152667183913 0.1452575056999832
4 0.4561723146742521 0.5685604317754287 0.806598623357256 0.6887103908886181