2 0.1890625 0.0203125 0.0375 0.040625
2 0.24765625 0.12734375 0.090625 0.0609375
2 0.4984375 0.59609375 0.09921875 0.14765625
5 0.49921875 0.134375 0.09296875 0.078125
5 0.740625 0.1328125 0.09296875 0.05234375
5 0.69609375 0.02734375 0.0328125 0.0546875
5 0.7328125 0.028125 0.03046875 0.04609375
5 0.76640625 0.02734375 0.03125 0.04765625
5 0.246875 0.6046875 0.103125 0.14453125
0 0.571875 0.0296875 0.06640625 0.059375
0 0.24609375 0.25390625 0.2 0.1578125
0 0.49921875 0.25390625 0.196875 0.1609375
8 0.428125 0.028125 0.06171875 0.05625
8 0.49921875 0.028125 0.059375 0.05625
6 0.31484375 0.02265625 0.0296875 0.0453125
6 0.34609375 0.021875 0.03046875 0.04375
6 0.37421875 0.021875 0.0265625 0.04375
6 0.2453125 0.43203125 0.096875 0.1546875
6 0.5 0.43046875 0.09609375 0.1578125
6 0.74921875 0.25703125 0.09765625 0.14765625
3 0.75 0.428125 0.11640625 0.16796875
1 0.74609375 0.59609375 0.1109375 0.1375
4 0.49453125 0.39609375 0.7546875 0.6359375