4 0.4875 0.43828125 0.7375 0.69765625
6 0.3109375 0.0296875 0.0328125 0.05546875
6 0.34140625 0.03046875 0.02578125 0.05390625
6 0.36875 0.028125 0.02890625 0.05546875
6 0.4984375 0.4609375 0.08828125 0.16328125
6 0.73359375 0.2515625 0.09140625 0.16484375
5 0.72421875 0.1234375 0.090625 0.059375
5 0.490625 0.13984375 0.08671875 0.06171875
5 0.684375 0.02109375 0.0296875 0.0375
5 0.7171875 0.01796875 0.0328125 0.0359375
5 0.75078125 0.0171875 0.0328125 0.03359375
8 0.42421875 0.02890625 0.06484375 0.05390625
8 0.49296875 0.0296875 0.05546875 0.059375
0 0.56328125 0.02578125 0.06328125 0.0515625
0 0.24609375 0.28984375 0.19609375 0.175
0 0.4953125 0.2765625 0.2015625 0.17109375
2 0.49609375 0.64609375 0.09296875 0.159375
5 0.25234375 0.67890625 0.103125 0.15703125
6 0.25 0.48125 0.096875 0.17109375
6 0.7375 0.62421875 0.109375 0.1546875
3 0.73828125 0.43203125 0.11015625 0.16875
2 0.1890625 0.0265625 0.0375 0.053125