4 0.45015487355001593 0.5557552725970941 0.8150195313578384 0.7070190894334498
6 0.5813675805968286 0.9622945319064587 0.0390556837335172 0.056631808004454595
6 0.5509855414820162 0.9618678179105948 0.030896340192766304 0.053415901336727245
6 0.523381658826453 0.9645297412476402 0.0343681837335172 0.056577264003817976
6 0.44173198922046025 0.5332262919319122 0.1055358641190498 0.16351815467854483
6 0.1833372219901463 0.7453375826305016 0.1105702076598006 0.16669769867918127
5 0.17849163681935717 0.873353494629229 0.09721502727426815 0.06042951734563573
5 0.4139063154082997 0.8542291352641851 0.09443687081501899 0.06351815467854464
5 0.2069762608597634 0.9752336206238201 0.033849622489011466 0.03784544533736352
5 0.17381691731901244 0.9787404286282744 0.036801200718635976 0.0363193080044546
5 0.14013645643382472 0.9799125772995015 0.036627778948260484 0.03475680800445424
8 0.4679996197116408 0.9643939285885036 0.0715213401927663 0.053888616008908485
8 0.39933633059682855 0.9644126572645032 0.06284002727426818 0.060029528007635946
0 0.3285902761708898 0.9691370672740481 0.06822291842239077 0.052289753341817756
0 0.6750860553643456 0.7013837565643228 0.21629823828205338 0.17729084802672598
0 0.424393220316154 0.7175649292648213 0.2206388947413025 0.17422039202736245
2 0.4646262190099543 0.3480427699315941 0.11143902057829855 0.16046588001272663
5 0.7120180761878394 0.3123939818985047 0.12046717703754765 0.15744996801399935
6 0.6924239722353416 0.5100229598981866 0.11595139474130249 0.17300224267981754
6 0.22079206422469771 0.37272678596436526 0.1265437552671722 0.15596019334818118
3 0.19867993646851395 0.5649233766311379 0.12810455120055156 0.17002269334818115
2 0.7028957370560776 0.9640013878899142 0.0433963401927663 0.05356135200509051