4 0.43231777259709414 0.5048497723244296 0.7054565894334498 0.7496639983718516
6 0.024992717954343012 0.6885443027599435 0.049985435908686024 0.03379434740221221
6 0.02475663428947929 0.6580619159904684 0.04951326857895858 0.02592730032431163
6 0.024534186624774655 0.6307590762988939 0.04906837324954931 0.02910684740221221
6 0.45510129193191223 0.49351680600964976 0.16351815467854483 0.09033644805083547
6 0.24846258263050167 0.26201521022899527 0.16667951734563582 0.09351599512873605
5 0.120228494629229 0.2736266404229231 0.06042951734563577 0.09166139448011297
5 0.133916635264185 0.5069340182639446 0.06351815467854491 0.08859094155801372
5 0.01817192164625094 0.3152568072241704 0.03634384329250188 0.030342064934808198
5 0.016418791315250834 0.2824988543020711 0.03283758263050167 0.03343979139585782
5 0.01583299065086436 0.24891874107154627 0.03166598130172872 0.033412517856907444
8 0.02457536829647897 0.5752766895294187 0.04915073659295794 0.06655230032431163
8 0.026901210634160587 0.5065130527599436 0.053802421268321174 0.05728639448011279
0 0.02342222197247854 0.4362687366073194 0.04684444394495708 0.06340002678536116
0 0.28107125656432286 0.7488470085247119 0.17729084802672607 0.19992963636243816
0 0.2706899292648213 0.4998600836057898 0.17422039202736245 0.20456258928453738
2 0.640230269931594 0.49262864164403447 0.16046588001272682 0.09653190097293454
5 0.6702064818985047 0.7358058973260773 0.15744996801399935 0.10585235389503396
6 0.47252295989818655 0.7415997500032953 0.17300224267981754 0.0998750892845374
6 0.6211642859643652 0.25160422118933917 0.15596019334818118 0.11207508035608367
3 0.42898587663113796 0.254177616480231 0.17002269334818115 0.11232054220663672
2 0.021953531946229746 0.8104738498378442 0.04390706389245949 0.03842730032431163