6 0.2015625 0.14296875 0.115625 0.08515625
6 0.2703125 0.021875 0.03515625 0.04296875
6 0.30625 0.01796875 0.03046875 0.03515625
6 0.33828125 0.01640625 0.0296875 0.03203125
6 0.4875 0.275 0.11328125 0.1515625
6 0.78828125 0.64609375 0.12109375 0.16796875
6 0.19296875 0.45234375 0.1140625 0.17265625
8 0.4015625 0.02265625 0.07578125 0.04453125
8 0.48203125 0.021875 0.07265625 0.04296875
8 0.48046875 0.14921875 0.215625 0.09453125
2 0.125 0.01953125 0.04140625 0.03828125
2 0.48828125 0.45625 0.125 0.17109375
0 0.5734375 0.02109375 0.08125 0.03828125
0 0.196875 0.6390625 0.23515625 0.16953125
5 0.721875 0.0171875 0.03984375 0.03359375
5 0.7625 0.0140625 0.0375 0.028125
5 0.80390625 0.01171875 0.040625 0.0234375
5 0.78671875 0.45703125 0.12265625 0.17265625
5 0.4859375 0.6421875 0.11875 0.1546875
5 0.1953125 0.26796875 0.12265625 0.15
1 0.7828125 0.271875 0.1296875 0.15703125
3 0.7765625 0.1390625 0.14453125 0.08671875
4 0.509375 0.42265625 0.8703125 0.66015625