6 0.8633794448344186 0.8802634084841902 0.1220185551888033 0.0877393438900782
6 0.803805380522053 0.9884908163099713 0.037690176764564855 0.02301836738005747
6 0.7681638784474606 0.9922875861371218 0.03385478174358649 0.01542482772575653
6 0.7362510276176236 0.993395445070895 0.032055483403260435 0.013209109858210156
6 0.5674372149556431 0.7399122269722394 0.12398471950581325 0.15483591567683314
6 0.23853616204192493 0.3600666364473733 0.1346621103776066 0.17229620031656917
6 0.8485301591421399 0.5711384610706147 0.12720480788809568 0.17675637978345585
8 0.6724961809369715 0.9858951821387713 0.07831517676456468 0.02820963572245745
8 0.592086630522053 0.9851378384465486 0.07519017676456467 0.029724323106902872
8 0.5839995981537666 0.8658980654520414 0.22272895020978148 0.10002404671392995
2 0.9492954792772975 0.9932938081613033 0.04346658008391273 0.013412383677393436
2 0.5529216612167323 0.5586394949189281 0.13802390871793263 0.17551212852981452
0 0.5007395801071345 0.985692942167901 0.08409158008391256 0.028614115664197824
0 0.8304752083076586 0.38430605080405805 0.24728050954776962 0.1771321159934022
5 0.35259807803254206 0.9865632887963713 0.04322978174358649 0.02687342240725741
5 0.3122098763728681 0.9891199874635876 0.03963118506293437 0.021760025072824617
5 0.2709812251281126 0.9908386059975257 0.04240098755244537 0.01832278800494862
5 0.25442496163165085 0.5491746005539959 0.13489890871793264 0.17542120031656908
5 0.5411759099673326 0.37277019107886206 0.1304715178461393 0.15814277210332373
5 0.8601575112213767 0.7554452649106809 0.13324132033565023 0.15354620031656907
1 0.2723615132959692 0.7344445108205526 0.14152741701630234 0.16002352084968266
3 0.2886754427598262 0.8674388672470436 0.15038035352912935 0.0916826978092864
4 0.5343734933752373 0.5916194794795219 0.9203953489789592 0.6862610073888333