6 0.16620090848419006 0.8143055919893563 0.08773934389007838 0.12498977560027598
6 0.04310673779279208 0.7321154047852566 0.044750210345698996 0.03923080957051326
6 0.03815481334047042 0.6957443503593179 0.035284282132453625 0.03506527894826057
6 0.03566029915470546 0.6635396785889425 0.032113818025830944 0.033155935407509676
6 0.2899122269722394 0.543022231586084 0.15483591567683302 0.12932191172642132
6 0.6522541364473733 0.2834286520502599 0.17229620031656906 0.1406045512005516
6 0.47582596107061476 0.8572368525237006 0.17519387978345585 0.1331388947413025
8 0.04006900283648687 0.6009521156704445 0.045977741224511384 0.08141830957051326
8 0.03694635134541879 0.5203966547852567 0.04584134890464333 0.07673080957051326
8 0.16433556545204148 0.5360930290708581 0.10002404671392999 0.22603030622252868
2 0.044991149708701425 0.8771677721296935 0.0386820667721897 0.04478712248901147
2 0.47113949491892804 0.5623579069496394 0.17551212852981452 0.1440763947413025
0 0.03350545110799195 0.4289036939000689 0.03986413354437941 0.08541212248901146
0 0.6624310508040582 0.8737511142416473 0.1755696159934022 0.25249777151670544
5 0.02528011097883724 0.28003263947413026 0.03555706677218971 0.044440278948260484
5 0.02097304420664753 0.2390607959333793 0.02921613855894435 0.0406215918667586
5 0.01742449538114648 0.1973944132778161 0.024619566772189704 0.04322632655563217
5 0.463237100553996 0.26400711783482717 0.17542120031656908 0.1409513947413025
5 0.6571451910788622 0.5853388476243213 0.15814277210332364 0.1359187552671724
5 0.29138276491068077 0.8344293336193944 0.15359166442319178 0.14008598995604588
1 0.2781945108205527 0.24736288804533307 0.16002352084968258 0.14702967703754774
3 0.1455638672470434 0.23887203756341746 0.09168269780928666 0.15346161914102668
4 0.4369319794795219 0.5328936726686704 0.6846985073888334 0.9342126546626591