2 0.21873790204762908 0.039730626082191356 0.04060080409525817 0.03541212248901147
6 0.3474115917404847 0.05169417213816824 0.036855643276206516 0.028815278948260505
6 0.37975292215001055 0.058374318430865525 0.03294334430002106 0.03610751363713407
6 0.41319163194524766 0.060540386493938295 0.03419576389049528 0.03315593540750954
6 0.5628683369953214 0.19073196317216806 0.1101018092143308 0.08175833684478154
6 0.8734209356955109 0.5172603818397541 0.13549434211439398 0.1819300545485362
6 0.316234645490748 0.4538730207008963 0.12441389986200199 0.16370202392628333
8 0.4738130025595364 0.07190462465339417 0.0663760051190728 0.04599937081501908
8 0.546236692252392 0.07762498697585388 0.06903588450478396 0.041658714355770066
0 0.6327228819452476 0.08490614523169286 0.07169576389049528 0.037318057896521005
0 0.33305650770752343 0.6234042707008963 0.2351842617048682 0.18990404785256682
0 0.6127440077075235 0.6544467675981067 0.2286241812953424 0.18608536077106486
5 0.30113637245492086 0.2783519033564595 0.12583345760961 0.1468613674670344
5 0.5917833351836036 0.48213821317216804 0.12456894006676507 0.1652645239262835
5 0.8537187317382507 0.3342744600693785 0.133788899862002 0.1647425545485362
1 0.8315529148453109 0.20432767944712565 0.1319768092143306 0.08418624163003816
2 0.575200082250158 0.3072249240573558 0.12520119883818753 0.15606294569665896
6 0.29388577668817695 0.15855966866758592 0.1099467690095679 0.08019583684478149
3 0.8860979386289565 0.6917401165286275 0.14706410088581662 0.17394242871154014
4 0.5742660252214542 0.45080065025366994 0.8514679495570917 0.7110103818397538