2 0.9729926854369644 0.17133949752330985 0.033215291723114146 0.038955492142117173
6 0.96858074513876 0.30013658561265105 0.026801517412854636 0.035539393713693725
6 0.9637770584586001 0.3323133848268628 0.03436835594746519 0.03121576674922304
6 0.9635789846233104 0.3658343602197569 0.03132524310259512 0.03263271753501131
6 0.8414882213943272 0.5094645438420373 0.07571705223856355 0.10639985731976367
6 0.531436033470972 0.8044689445850445 0.1749734237898611 0.12660965756743253
6 0.5621913042747286 0.24736491997793858 0.1572946008590826 0.11643413688926821
8 0.9557388291508151 0.42620893404107446 0.04233798620519025 0.0643193651776464
8 0.9542748264372815 0.49875602213041575 0.03781426051544941 0.067226041356329
0 0.9520738393275803 0.5853656102197569 0.033372421980838854 0.07169521753501122
0 0.39266005427472855 0.25526096484892413 0.17708920171816525 0.2264641083532209
0 0.37800225350650296 0.5349484648489241 0.1736366530976463 0.22006855913900908
5 0.7378497235420338 0.2415215266785297 0.14027087516934209 0.1187586162111037
5 0.5500819713943274 0.5230370080672799 0.15885710085908258 0.11650691149637389
5 0.7143304206261017 0.7943918155536591 0.15778592378986112 0.1258091368892682
1 0.8437279935568803 0.7790129104674259 0.07686347241038013 0.12827485731976368
2 0.7250410278167625 0.5156675020714239 0.14956398801421233 0.11763276385373889
6 0.8579165620766446 0.24060538193137865 0.07415455223856356 0.10632708271265771
3 0.35668169493636126 0.8079322005809004 0.16625352103089916 0.1386730099247977
4 0.5817856727738083 0.5277951286216097 0.662313966529028 0.8600687444139196