2 0.2171875 0.015625 0.0375 0.03125
6 0.34609375 0.01328125 0.03359375 0.02578125
6 0.378125 0.01640625 0.0296875 0.0328125
6 0.41171875 0.01484375 0.03203125 0.0296875
6 0.55 0.1296875 0.10234375 0.0703125
6 0.83125 0.425 0.11796875 0.16796875
6 0.27421875 0.4234375 0.10859375 0.1515625
8 0.471875 0.01953125 0.06328125 0.0390625
8 0.54453125 0.0171875 0.06640625 0.034375
0 0.63125 0.01484375 0.06953125 0.0296875
0 0.27421875 0.59296875 0.21953125 0.16484375
0 0.55390625 0.59296875 0.2125 0.16171875
5 0.2765625 0.24765625 0.1125 0.13359375
5 0.55 0.42109375 0.109375 0.153125
5 0.8296875 0.2421875 0.11875 0.1515625
1 0.8203125 0.11328125 0.12421875 0.0703125
2 0.55078125 0.24609375 0.1109375 0.14375
6 0.28125 0.12734375 0.103125 0.06875
3 0.8265625 0.6 0.13125 0.15859375
4 0.55625 0.3890625 0.83046875 0.61875