0 0.26328125 0.29140625 0.225 0.17734375
0 0.621875 0.053125 0.07109375 0.07265625
6 0.346875 0.03828125 0.0359375 0.0625
6 0.37890625 0.040625 0.03046875 0.0640625
6 0.4125 0.0390625 0.034375 0.07734375
8 0.47265625 0.04296875 0.06796875 0.07265625
8 0.55 0.04921875 0.06953125 0.07421875
8 0.52890625 0.16953125 0.19140625 0.07265625
5 0.753125 0.0578125 0.03671875 0.0578125
5 0.78984375 0.05625 0.0328125 0.05546875
5 0.82421875 0.059375 0.03515625 0.05390625
2 0.20859375 0.02578125 0.0390625 0.0515625
2 0.259375 0.15390625 0.1046875 0.07109375
2 0.5359375 0.47265625 0.109375 0.16875
6 0.78828125 0.16953125 0.09609375 0.0625
6 0.2625 0.4828125 0.10859375 0.16875
6 0.53671875 0.2921875 0.0984375 0.15546875
5 0.26484375 0.66015625 0.11484375 0.1484375
5 0.53515625 0.64921875 0.10546875 0.13984375
5 0.79375 0.64453125 0.10390625 0.1296875
1 0.79609375 0.4703125 0.11015625 0.15390625
3 0.796875 0.29453125 0.11953125 0.15703125
4 0.52734375 0.44296875 0.7984375 0.67734375