0 0.7147216891139239 0.2178724992340329 0.18336193313000013 0.23641476866002265
0 0.9613493012898615 0.5611964929125114 0.07354790919430557 0.0764809592838688
6 0.9690620639717537 0.28524526219084284 0.061875872056492656 0.03994268198597286
6 0.9678996074747397 0.31742670651531685 0.06420078505052054 0.035355311535622214
6 0.9655380002843404 0.3509203269656675 0.06892399943131906 0.03938147748246603
8 0.965647429663073 0.4113269008397908 0.068705140673854 0.0733559592838688
8 0.9626412775447918 0.4890711690383881 0.07471744491041647 0.0735562183831675
8 0.8427791796146185 0.4756873943613858 0.0763482137152085 0.1967934592838688
5 0.9597166789490285 0.6927468815614594 0.058685322188333444 0.04120479333702498
5 0.9621338173417715 0.72936550201181 0.05701371941479181 0.036417163787375625
5 0.9598089043477437 0.7639407611111086 0.05392508700597247 0.037779404688076924
2 0.9764189892664238 0.1461629757936483 0.04716202146715247 0.04236677513842757
2 0.8521307701359724 0.2051548488648926 0.07431162860909737 0.1092934592838688
2 0.539817833774931 0.5021437769933541 0.171295731382639 0.12018899136212653
6 0.8488161997505909 0.7350623943613858 0.06475479065319475 0.10088018198597268
6 0.5232972553183336 0.22935711906607467 0.171295731382639 0.12018899136212671
6 0.7203047675705212 0.49136006400885746 0.15854115824437506 0.10845045496493207
5 0.34600805670510437 0.24306557295127265 0.15112870174736112 0.12513730721668548
5 0.36323714997934076 0.5126771661037275 0.14309799620027785 0.11526165946843889
5 0.3739434863197229 0.7709705274547793 0.1320877610179168 0.11143575262089378
1 0.5482167877064936 0.7621498326688801 0.155670731382639 0.11918769586563335
3 0.724016221502084 0.7516665083333315 0.15905030452090294 0.13032545496493206
4 0.5693053120234379 0.4916475655500171 0.6967088390932645 0.8418937245478053