0 0.7821275007659672 0.6871574237274058 0.23641476866002265 0.18467183135366624
0 0.4388035070874886 0.935872686197311 0.0764809592838688 0.07396634890464356
6 0.7147547378091572 0.9427147534317193 0.03994268198597286 0.06354567445232177
6 0.6825732934846831 0.9413030176174843 0.03535531153562203 0.06497178213245362
6 0.6490796730343324 0.943842995909872 0.03938147748246603 0.07912521034569905
8 0.5886730991602092 0.9416871140148452 0.0733559592838688 0.07387542069139812
8 0.5109288309616119 0.9376875872926679 0.0735562183831675 0.07700042069139812
8 0.5243126056386143 0.8167613218532616 0.1967934592838688 0.07746708511458991
5 0.30725311843854064 0.9350041711536164 0.0412047933370248 0.058903638558944496
5 0.27063449798818995 0.9376350776592494 0.03641716378737554 0.05720474623907634
5 0.2360592388888913 0.9355102880049483 0.039341904688076926 0.05417067445232178
2 0.8538370242063518 0.9511911799956121 0.042366775138427924 0.05269910266556721
2 0.7948451511351073 0.8245437634608492 0.1092934592838688 0.07492109514371989
2 0.49785622300664584 0.5138409103330637 0.12018899136212653 0.1719324874635877
6 0.2649376056386142 0.8243083635526267 0.10088018198597286 0.06531877461060631
6 0.7706428809339253 0.4957284416740945 0.12018899136212671 0.1719324874635877
6 0.5086399359911425 0.6943323923863751 0.10845045496493207 0.15911423871722902
5 0.7569344270487274 0.31845288783402853 0.12513730721668548 0.1518018438900784
5 0.48732283389627257 0.33725567827975234 0.11526165946843889 0.14371655925034235
5 0.22902947254522052 0.34946748792580606 0.11299825262089361 0.1327335951437197
1 0.23785016733111988 0.5237544340857401 0.11918769586563345 0.1563074874635877
3 0.2483334916666685 0.6995584161390515 0.13032545496493206 0.15975073620994634
4 0.5083524344499829 0.5432783577466389 0.8418937245478053 0.70135715848419