4 0.47151629941117823 0.5490760713488989 0.8015316107574503 0.710348674805914
2 0.7420037114496765 0.8186671178217113 0.10556020401018137 0.08048643939369349
2 0.791832083465903 0.9356598660126888 0.039607940006363404 0.048922178878243724
2 0.4644106820496341 0.3415092328142881 0.11112040802036276 0.15573210085908268
6 0.6565940174649485 0.9357118549314125 0.03819089067472703 0.06134029172311415
6 0.6214377674649485 0.9375543159218319 0.03194089067472703 0.06101274310259512
6 0.589388336131403 0.9376705026019918 0.03197725334181776 0.06413774310259512
6 0.46406687873963304 0.5135070635469827 0.10190904002227175 0.16930327792830405
6 0.20623619740608756 0.5254559441433917 0.09882040268936257 0.17226450361804452
6 0.7349697247374058 0.4828933921319708 0.10990335335772627 0.18533771370395283
5 0.4708099641151765 0.8242807892367232 0.10072725334181776 0.06774077792830405
5 0.25241504746176685 0.9334421845324534 0.03346702800763594 0.057969630257724704
5 0.21648663812853952 0.9361068391004377 0.03506589067472685 0.06117651741285428
5 0.18212072879531227 0.9386896065132921 0.036701116008908706 0.06750840456798421
5 0.730553302713225 0.3048912228646654 0.11731586401972649 0.1513721494796016
5 0.21067989143058644 0.7058018634106972 0.10487040802036267 0.15540455223856356
1 0.46614864143058643 0.6924133135469827 0.11733404535327185 0.15293464947960161
3 0.21285727271640678 0.35547431479017816 0.12203972668681722 0.15474281094499087
3 0.2592195781349029 0.9807708859119344 0.03295795066836353 0.014219630257724703
3 0.18108548746813016 0.9840839936684219 0.039226132001908984 0.016109678878243727
3 0.22250991880167562 0.9834764840574834 0.03137726933481808 0.012575243102595123
8 0.532257088796903 0.9320656337642277 0.07276588534372692 0.08032930913596843
8 0.4580565201304486 0.9375177736328908 0.06647952267663584 0.07687676051544941
0 0.3830110667965849 0.9375421070791191 0.07590906667727229 0.08205558344622829
0 0.73728784476445 0.6821121421319708 0.2271635786919079 0.1977292503386842
1 0.21675826344681298 0.8250874519453077 0.1146079400063634 0.05285276232447202