4 0.54539114936806 0.53515625 0.710348674805914 0.79375
2 0.8429876028952474 0.26796875 0.08040455223856355 0.103125
2 0.9650573547042699 0.21953125 0.048922178878243724 0.0390625
2 0.33733298790267074 0.53984375 0.15573210085908257 0.109375
6 0.9509428657855462 0.3546875 0.06134029172311415 0.0375
6 0.9491004047951268 0.38984375 0.06101274310259512 0.03125
6 0.9458592181149669 0.421875 0.06413774310259512 0.03125
6 0.509085157169976 0.5421875 0.16930327792830405 0.1
6 0.49401127657356697 0.8 0.17226450361804452 0.096875
6 0.506886328584988 0.27109375 0.185337713703953 0.1078125
5 0.8201864314802357 0.5390625 0.0677407779283044 0.1
5 0.9063375361845054 0.75859375 0.057969630257724704 0.0328125
5 0.9052353816165212 0.79453125 0.0610946302577247 0.0328125
5 0.9042151142036665 0.82890625 0.06750840456798457 0.0359375
5 0.3286384978522935 0.2734375 0.1513721494796016 0.115625
5 0.6746028573062617 0.79765625 0.15540455223856356 0.103125
1 0.6879914071699761 0.5421875 0.15293464947960161 0.115625
3 0.3249304059267807 0.79140625 0.15474281094499087 0.1203125
3 0.9543213348050245 0.75234375 0.014219630257724703 0.0328125
3 0.949445727048537 0.83046875 0.016109678878243727 0.0390625
3 0.9531782366594754 0.7890625 0.012575243102595123 0.03125
8 0.9342765869527311 0.47890625 0.08032930913596843 0.071875
8 0.9319494470840677 0.553125 0.07687676051544941 0.065625
0 0.9241126136378398 0.628125 0.08205558344622829 0.075
0 0.706105078584988 0.27109375 0.1977292503386842 0.225
1 0.7943797687716508 0.79296875 0.05285276232447185 0.1140625