4 0.53515625 0.4265625 0.79375 0.66875
2 0.26796875 0.14296875 0.10390625 0.07578125
2 0.21953125 0.0234375 0.0390625 0.04609375
2 0.53984375 0.634375 0.10859375 0.15
6 0.3546875 0.03046875 0.0375 0.06015625
6 0.38984375 0.03046875 0.03046875 0.06015625
6 0.421875 0.03203125 0.03125 0.06328125
6 0.5421875 0.4625 0.1 0.1640625
6 0.8 0.4640625 0.09765625 0.1671875
6 0.27109375 0.47890625 0.1078125 0.1796875
5 0.5390625 0.1515625 0.1 0.0625
5 0.75859375 0.05390625 0.0328125 0.05625
5 0.79453125 0.053125 0.03359375 0.05859375
5 0.82890625 0.05234375 0.0359375 0.065625
5 0.2734375 0.65703125 0.11484375 0.1453125
5 0.79765625 0.28359375 0.103125 0.15
1 0.5421875 0.28359375 0.11484375 0.146875
3 0.79140625 0.63359375 0.1203125 0.1484375
3 0.75234375 0.00625 0.0328125 0.0125
3 0.83046875 0.00703125 0.0390625 0.0140625
3 0.7890625 0.00546875 0.03125 0.0109375
8 0.47890625 0.040625 0.07109375 0.0765625
8 0.553125 0.0390625 0.06640625 0.0734375
0 0.628125 0.04296875 0.07421875 0.078125
0 0.27109375 0.2796875 0.22421875 0.1859375
1 0.79296875 0.1640625 0.1140625 0.04609375