4 0.4082649344305924 0.4713320600417652 0.6658462939029934 0.8629813171013941
2 0.11990082943718158 0.7458018964765032 0.07410109621281209 0.11619931301126592
6 0.12469845550783125 0.45839282468974857 0.07404655405833438 0.10682431301126591
5 0.1348466569104459 0.19145537727617326 0.05681360226293632 0.09851170783841656
0 0.25273605533488064 0.745760095539431 0.173229463502863 0.23781355172849494
2 0.2567433410464507 0.45989079169936503 0.15690450585373245 0.11704641066226813
6 0.2583341538853837 0.18645329169936503 0.15683178298109554 0.10454641066226814
6 0.4449190101553408 0.7521334306540208 0.16944086729005098 0.1236601235152495
5 0.4372257265850701 0.46279814601428465 0.16002950585373252 0.11713733887551356
8 0.43256653942400314 0.18917878958779402 0.17307492739850955 0.21125105172849495
5 0.6207048053348807 0.7564668926490725 0.13822722872636942 0.12900084138279588
1 0.6075155006873711 0.4716599836361571 0.14442268657189175 0.11980769780928675
0 0.6090835876286051 0.20212873363615697 0.15125446955298721 0.21998955423577735
2 0.008687636127794614 0.7932869987463588 0.017375272255589227 0.039698997492717505
6 0.015346702286377412 0.6512813551728496 0.030693404572754823 0.03693771034569906
6 0.015446696236253204 0.6153438551728495 0.030893392472506408 0.03381271034569906
6 0.017104645006589193 0.5833580692794722 0.034209290013178385 0.035466138558944316
8 0.022821107291508776 0.5186734436526516 0.04564221458301755 0.07640938730530315
8 0.02382507108895941 0.44213367570596296 0.04765014217791882 0.07645485141192587
0 0.026407443014799376 0.36095187186589694 0.05281488602959875 0.07815374373179385
5 0.024406854070054943 0.2233836757059629 0.048813708140109886 0.038954851411925784
5 0.025292643199470548 0.18590640775927422 0.050585286398941096 0.03587531551854846
5 0.026180704918656057 0.14999163981258556 0.05236140983731211 0.03748327962517113