4 0.540625 0.4109375 0.84296875 0.6609375
2 0.2578125 0.12421875 0.11328125 0.0734375
6 0.5453125 0.12734375 0.1046875 0.0734375
5 0.8125 0.1359375 0.09765625 0.05703125
0 0.26171875 0.25703125 0.2328125 0.17265625
2 0.54765625 0.259375 0.11171875 0.15625
6 0.82109375 0.259375 0.10078125 0.15625
6 0.2609375 0.44921875 0.11953125 0.16953125
5 0.55 0.43984375 0.1125 0.16015625
8 0.8234375 0.43359375 0.20546875 0.17265625
5 0.26171875 0.625 0.125 0.1375
1 0.54609375 0.61015625 0.115625 0.14296875
0 0.815625 0.61015625 0.21484375 0.15078125
2 0.20703125 0.0109375 0.03984375 0.02109375
6 0.34921875 0.0171875 0.0359375 0.034375
6 0.38515625 0.0171875 0.0328125 0.034375
6 0.4171875 0.01875 0.034375 0.0375
8 0.48203125 0.02421875 0.07578125 0.0484375
8 0.55859375 0.025 0.075 0.05
0 0.63984375 0.02734375 0.0765625 0.0546875
5 0.77734375 0.025 0.0375 0.05
5 0.81484375 0.02578125 0.03515625 0.0515625
5 0.85078125 0.0265625 0.0359375 0.053125