4 0.3687324205887686 0.4713320600417652 0.7374648411775372 0.8629813171013941
2 0.04621170038875575 0.7458018964765032 0.08542595183499122 0.11619931301126592
6 0.07955416802763773 0.45839282468974857 0.08444059962937552 0.10682431301126591
5 0.11623045588768566 0.19145537727617326 0.06643197279136244 0.09851170783841656
0 0.1794347638077623 0.745760095539431 0.1963445797727903 0.23781355172849494
2 0.21183175607904164 0.45989079169936503 0.1680742264673886 0.11704641066226813
6 0.24057119540950006 0.18645329169936503 0.1667604235265676 0.10454641066226814
6 0.371540151123961 0.7521334306540208 0.1812311279377991 0.1236601235152495
5 0.3925468441304456 0.46279814601428465 0.17119922646738858 0.11713733887551356
8 0.415036283460904 0.18917878958779402 0.19355274852354576 0.21125105172849495
5 0.5474035138077623 0.7564668926490725 0.15063802940820956 0.12900084138279588
1 0.562448780711439 0.4716599836361571 0.15590267720259376 0.11980769780928675
0 0.590777656622891 0.20212873363615697 0.17266310072916155 0.21998955423577735
8 0.003773871237361434 0.44213367570596296 0.007547742474722868 0.07645485141192587
0 0.010428537136930194 0.36095187186589694 0.02085707427386039 0.07815374373179385
5 0.014284294763929081 0.2233836757059629 0.028568589527858162 0.038954851411925784
5 0.016954136491359205 0.18590640775927422 0.03390827298271841 0.03587531551854846
5 0.019665034560689982 0.14999163981258556 0.039330069121379964 0.03748327962517113