6 0.9916022013586115 0.28773723786605165 0.016795597282776954 0.03937158267027261
6 0.8888616364751544 0.20771447788036915 0.08249009618646852 0.1259090666772722
6 0.7620933607840747 0.7852047732336409 0.16933533175849824 0.10817722135581712
6 0.3723661395551973 0.502122837285184 0.16346727767481414 0.1190419960216353
6 0.9907217476377472 0.32525541919959705 0.01855650472450563 0.036282945337363426
6 0.9921304802145521 0.36119291919959706 0.01573903957089584 0.03624658267027252
8 0.9850682311216014 0.4222122352005515 0.029863537756797242 0.07238407733927232
8 0.9842386238612827 0.5073957572008697 0.03152275227743466 0.06931362133990877
8 0.5409598498146655 0.20472857459423058 0.20538693756361343 0.246040848026726
8 0.562264453257528 0.5014763052594124 0.19848217313564334 0.22721812269254418
8 0.5713592333794131 0.7842978959261853 0.19519348202865067 0.22249426002545328
0 0.3876017922724205 0.7817467026177749 0.17019348202865067 0.2222033586887262
0 0.9847396208660577 0.585548029201188 0.030520758267884675 0.0786704400063634
5 0.9903658720895931 0.7323775758673243 0.019268255820813707 0.041134077339272504
5 0.9883681070710597 0.7714673478676424 0.02326378585788049 0.034956802673454135
5 0.9905990124246127 0.8112929165340971 0.01880197515077455 0.03804544000636341
5 0.8921528830165932 0.7719678818825964 0.06631945916316014 0.11010225334181775
5 0.7536434214063628 0.4984678419000955 0.1572718413771451 0.1205317706874535
5 0.3535144135169964 0.20847283461968397 0.1481150961864685 0.12667268268618095
1 0.7425223498146656 0.2023831825668682 0.17355160580511536 0.139463584022908
3 0.8872098895551972 0.4961320878819599 0.09219247840045383 0.135393154678545
4 0.5933507621505356 0.4964251785885036 0.7321727370076101 0.8847259187619049