6 0.29921875 0.01328125 0.0390625 0.0265625
6 0.21796875 0.11875 0.12578125 0.078125
6 0.79375 0.265625 0.10546875 0.16640625
6 0.50625 0.6453125 0.1171875 0.159375
6 0.33671875 0.01484375 0.0359375 0.0296875
6 0.37265625 0.01484375 0.0359375 0.0265625
8 0.43359375 0.021875 0.071875 0.04296875
8 0.51875 0.02421875 0.06875 0.0484375
8 0.2109375 0.46640625 0.24453125 0.19765625
8 0.5078125 0.45546875 0.22578125 0.18984375
8 0.790625 0.45625 0.2203125 0.1875
0 0.7859375 0.63984375 0.2203125 0.16328125
0 0.596875 0.0265625 0.07734375 0.046875
5 0.74375 0.02265625 0.040625 0.04453125
5 0.7828125 0.025 0.034375 0.05
5 0.82265625 0.0234375 0.0375 0.046875
5 0.78203125 0.13515625 0.10859375 0.06171875
5 0.50703125 0.2640625 0.11796875 0.153125
5 0.2125 0.65390625 0.12421875 0.14453125
1 0.2109375 0.26484375 0.13671875 0.16796875
3 0.50625 0.13046875 0.13359375 0.08828125
4 0.503125 0.42421875 0.8765625 0.7015625