6 0.746738414387349 0.9212980101921013 0.040299668320799495 0.03020914101493304
6 0.8230761284077037 0.8082442468810406 0.1286387303552928 0.0897942512477858
6 0.24045406533975297 0.7151207354411536 0.11396410835322088 0.1755438635606179
6 0.5102698358130296 0.3085939575712464 0.12461050992479752 0.17031492304479912
6 0.7091656397802432 0.923236285566437 0.037320217535011226 0.03304240973373851
6 0.6732281397802431 0.9265911953001755 0.0371746683207995 0.02991740973373851
8 0.6119631540482667 0.9252487052834709 0.073912688998964 0.050459819467476665
8 0.526697742137608 0.9308546326960251 0.07100601282028159 0.054855588186282486
8 0.8139150283266503 0.45993160149835266 0.2529923751024441 0.22119253993318216
8 0.5175494505763913 0.49858357321184377 0.2338785020669146 0.2116296522460143
8 0.23470056327283836 0.5242040041599589 0.2290454528527029 0.20806705532422232
0 0.23083704693790014 0.3401726572381669 0.22795383374611503 0.18462955532422232
0 0.44846358022694915 0.9358041647258911 0.08030823821317572 0.05416828202986608
5 0.30177051674471383 0.9534217849420393 0.04266268899896399 0.0475425066555303
5 0.26259885483405504 0.9547246759569724 0.036703787427387446 0.05320904409314124
5 0.2228278794411609 0.960006749792204 0.03968323821317572 0.050375775374335775
5 0.2582494950330921 0.8444954931366737 0.11228598428423427 0.07271059484181279
5 0.5272455899468589 0.689916890391545 0.12588191149637407 0.16421078868539637
5 0.8036195754739474 0.27257746713895 0.13169526385373906 0.1554192512477858
1 0.8233029526433059 0.6614941014983526 0.14535965756743252 0.18158617637256427
3 0.5342490688544096 0.8234377075712465 0.13845037799792798 0.10004444509136974
4 0.5236924427185083 0.5293959762900518 0.90923829859053 0.7833931243750973