0 0.8654477345167709 0.24736410894489652 0.09139263867708322 0.23637521751493065
0 0.4121520011373618 0.7997896329775003 0.14720622758291685 0.21893445079743082
0 0.9733703171058856 0.6271808551451745 0.05325936578822876 0.08121493882958326
8 0.9734868787512674 0.4662979065319453 0.05302624249746515 0.0748922036472223
8 0.9713165280197572 0.5474751713495841 0.057366943960485625 0.07347517401194459
8 0.585734971502084 0.810076435598542 0.17663915444465292 0.2086879350298613
5 0.8737200550895838 0.5356817265360772 0.0587593637914587 0.1091217332825
5 0.8683110821594104 0.8065027196022229 0.060212761017916706 0.10447060087368065
5 0.9775779061538892 0.7662251713495841 0.04484418769222174 0.038772865691319505
5 0.9768866483638201 0.8082490171892717 0.04135235182361115 0.03219555737069442
5 0.975452088143334 0.8472569658025009 0.04298758700597247 0.03535692496187508
5 0.5591431831300001 0.2378923110735074 0.15599803970326392 0.12700152393569458
1 0.7441052902719448 0.5357882164680909 0.15603440729444457 0.12856402393569458
6 0.7419920507211808 0.24370981924163257 0.1542900693385416 0.12071515634451399
6 0.3889034183123613 0.23705324363482672 0.14793096656500015 0.11588218597979179
6 0.5776444888851741 0.5295713180073616 0.16813436379145835 0.111667464665139
6 0.7473809863197228 0.8107154812857298 0.15243662860909737 0.10817878875333342
2 0.4049700550895838 0.5247714491819101 0.14651393692972228 0.12209581838861112
4 0.6056240185204518 0.5239759346486116 0.657283969602223 0.8648379772016671
2 0.9837314348876911 0.19082578105698 0.032537130224617884 0.04458645459715278
2 0.978391277877587 0.33435757550989664 0.0432174442448261 0.041679660144236144
2 0.9796453065629341 0.36958656069225776 0.040709386874131684 0.030814895326597203
2 0.9769203500659203 0.4046700755098967 0.046159299868159566 0.0325228656913195