0 0.22734375 0.13984375 0.23515625 0.0859375
0 0.790625 0.60625 0.215625 0.1421875
0 0.6046875 0.03359375 0.07890625 0.06640625
8 0.44375 0.03125 0.0734375 0.06171875
8 0.525 0.034375 0.07265625 0.06796875
8 0.796875 0.4328125 0.2046875 0.17109375
5 0.515625 0.13828125 0.1078125 0.05625
5 0.78671875 0.15 0.10234375 0.0578125
5 0.74375 0.034375 0.03828125 0.0546875
5 0.7859375 0.04140625 0.03203125 0.040625
5 0.825 0.04375 0.034375 0.0421875
5 0.225 0.44609375 0.1234375 0.15390625
1 0.51875 0.26796875 0.12578125 0.15234375
6 0.2265625 0.26328125 0.1171875 0.1515625
6 0.228125 0.61640625 0.11328125 0.1453125
6 0.51640625 0.434375 0.1078125 0.16484375
6 0.79375 0.27109375 0.1046875 0.15
2 0.515625 0.60703125 0.11796875 0.14375
4 0.51015625 0.40625 0.85078125 0.63671875
2 0.16796875 0.01796875 0.04375 0.0359375
2 0.31171875 0.02734375 0.03984375 0.0453125
2 0.346875 0.02421875 0.0296875 0.0484375
2 0.38203125 0.02734375 0.03125 0.0546875