0 0.8867289233567363 0.16719576566421485 0.11333200861519188 0.24038433540139542
0 0.48616080906191445 0.7630913177972427 0.16739044792597663 0.22556771857321783
0 0.9998072578813064 0.5371097918952168 0.0003854842373872458 0.08427644703379293
8 0.9925375649808583 0.3760084009297243 0.014924870038283444 0.0778079257464693
8 0.9942066039885169 0.4574769222170477 0.011586792022966108 0.07668246832111639
8 0.6603288292916529 0.7572133863507903 0.19579953752393423 0.21670617080279087
5 0.9219866689534225 0.45536775502055316 0.06885147396298841 0.11174588317182241
5 0.941954233918328 0.7272809598480162 0.06986608379068429 0.10716764381548423
5 0.5802049782705844 0.18626710182191494 0.16755277453733441 0.13414504307885
1 0.7926644290682917 0.4675613884444772 0.16773540459476913 0.1357075430788502
6 0.763200108328019 0.17504610651349192 0.16525975430759612 0.1277857824351883
6 0.4102577383854536 0.20130151198104404 0.15846186413529217 0.12266123986054138
6 0.6259842339821398 0.4768538969944519 0.1782264739629884 0.11939412822814396
6 0.8216823191767837 0.7427799097318006 0.16223621384811898 0.11517652179152656
2 0.4532366689534224 0.48814594811907364 0.15762988436503064 0.12880197921687966
4 0.6424766690650932 0.4686372054085407 0.7150466618698136 0.8945783426139879
2 0.9905692051850682 0.09929843545859954 0.018861589629863573 0.046262994804219915
2 0.9920302528557776 0.24370399932056994 0.015939494288444676 0.04379355866619026
2 0.9951856936024278 0.2786417280332465 0.00962861279514442 0.033074579953513705
2 0.9940696242342085 0.31401649932056996 0.011860751531582992 0.03507412252816078