4 0.525 0.44453125 0.81640625 0.6765625
2 0.24921875 0.15546875 0.103125 0.08125
2 0.52109375 0.15625 0.09609375 0.0703125
2 0.19765625 0.02578125 0.040625 0.0515625
0 0.25234375 0.296875 0.23046875 0.17734375
0 0.53125 0.475 0.21484375 0.1890625
6 0.78671875 0.16484375 0.0984375 0.05546875
6 0.253125 0.4953125 0.11171875 0.1828125
6 0.53125 0.66484375 0.103125 0.15546875
6 0.33671875 0.03203125 0.0359375 0.0640625
6 0.37109375 0.0296875 0.0328125 0.059375
6 0.4046875 0.0328125 0.0328125 0.0609375
8 0.46484375 0.0359375 0.0703125 0.07109375
8 0.5421875 0.03671875 0.06953125 0.07265625
5 0.53046875 0.290625 0.11015625 0.16015625
5 0.25390625 0.6875 0.1171875 0.14765625
5 0.79375 0.653125 0.10390625 0.1421875
5 0.75234375 0.0453125 0.034375 0.05625
5 0.78828125 0.04296875 0.03359375 0.05625
5 0.8234375 0.04296875 0.034375 0.05625
1 0.7984375 0.4703125 0.1125 0.15859375
0 0.61796875 0.040625 0.0765625 0.07578125
3 0.7953125 0.29140625 0.12421875 0.17109375