4 0.49910900305435896 0.45675076063666714 0.8550302783039105 0.6955463825962507
2 0.240163726463651 0.16126938079329883 0.10785727360693613 0.0836502610179167
2 0.5119932238328151 0.16837859165871571 0.10097023677523324 0.07256729065319449
2 0.19615466318241448 0.030381750284340443 0.04362817363517104 0.05250805737069447
0 0.23505275028234868 0.3027483659756599 0.2416245998305908 0.18350740349472244
0 0.5035844004517578 0.48736498100138936 0.2266366366622936 0.19408122758291685
6 0.7771176948936199 0.1831548321594104 0.10171368942018652 0.05854115824437507
6 0.22427633205002384 0.5012040497712502 0.12314761561560639 0.18543096656500016
6 0.49252726115862816 0.6772087310013892 0.11222552616718495 0.1586502610179167
6 0.33485314213572714 0.039868465899410004 0.03966871572854576 0.06489895459715281
6 0.3693646500282349 0.03832480290538225 0.03627069994353027 0.06013871941479169
6 0.40277638950489114 0.042231706115764225 0.0363617052052021 0.06170121941479169
8 0.4627506289815475 0.04675685837621567 0.07449874203690499 0.07351154160312506
8 0.5400488763507115 0.04933830413965323 0.07293624203690499 0.0734751740119445
5 0.513541771329036 0.30297179720579903 0.11865753669052861 0.16192073138263902
5 0.2138639348643864 0.6934097335668404 0.1257419945971538 0.1496025693385416
5 0.7557098006211671 0.6715997363197228 0.11140647881213823 0.1445877610179167
5 0.7497045974115164 0.06282349515343813 0.037651189420186526 0.05705008700597225
5 0.7857786053040241 0.06131619975059094 0.037651189420186526 0.05705008700597225
5 0.8209348553040241 0.062134470552153466 0.037651189420186526 0.05705008700597225
1 0.7710449162367734 0.48889633909326446 0.12178253669052878 0.16199346656499997
0 0.615602613196532 0.05500838231191024 0.08093075256024881 0.07678201196784729
3 0.7783400186982001 0.3099173539109034 0.1350105787839034 0.17478440729444458