4 0.6014002983511101 0.5687314120215138 0.7479204411883318 0.8625371759569724
2 0.8663350653631013 0.32805912874285226 0.09027226842611107 0.1107100133110607
2 0.889339795759212 0.5998611959225537 0.07878796427907382 0.1034389538268794
2 0.9819765338360877 0.28860347691242993 0.03604693232782452 0.0454385661397116
0 0.72520221743662 0.31798328826879463 0.1983567534403699 0.24787868302809465
0 0.5714783524981472 0.5802608552407 0.2079272430727773 0.23327474251227595
6 0.9039852220082857 0.8646839348992683 0.06486216531583296 0.10368866306150366
6 0.5268330679549995 0.30023960191293486 0.1926549746466666 0.12956627994988662
6 0.3816346024981471 0.5625381799081255 0.1652722684261109 0.11771156405973215
6 0.9819122557494442 0.42708251435004063 0.03617548850111163 0.04191799126449016
6 0.9858280676721755 0.46167631281093663 0.028343864655649042 0.03835539434269819
6 0.9853444788173377 0.494978331529742 0.029311042365324624 0.038501259983295455
8 0.9828588925543977 0.5548428502485473 0.03428221489120453 0.07702231946747666
8 0.9858857934733791 0.6321136674282487 0.028228413053241752 0.07545981946747667
5 0.7557850019797675 0.596691750831184 0.16894407257314797 0.12425329534092669
5 0.3347139184733791 0.2830793781194643 0.15712757775694416 0.1308988702161482
5 0.4163191266737022 0.8261321722126054 0.1512097684261109 0.11639877329435641
5 0.9954401688976151 0.8414676564049636 0.009119662204769697 0.03962616306150366
5 0.9982182810795364 0.8776239548658594 0.003563437840927364 0.03806366306150366
5 0.999721992483888 0.9127802048658594 0.000556015032223911 0.03962616306150366
1 0.59954172978398 0.847885952162492 0.16921747464666642 0.12737829534092668
0 0.9862955423188421 0.7075302533267553 0.027408915362315867 0.08356405074867154
3 0.7781745777104614 0.8614625680108853 0.1828110829407404 0.1410452204657055