4 0.5176110587187026 0.49119316435161153 0.8703819100855542 0.8531618389477463
8 0.6203599521215721 0.9266474242799042 0.06550742280870363 0.0409440147041046
8 0.5449498490112944 0.9298427419248299 0.07257762902925916 0.050975916174515135
0 0.4612193979745351 0.9370662990915701 0.0791010311027776 0.05475781764492567
5 0.33635609901129443 0.9517668284997797 0.03664012902925915 0.04719873271965511
5 0.2978014469377759 0.9526653500060437 0.03718693317629622 0.05344873271965511
5 0.26278189797453516 0.9579229207771027 0.03691353110277769 0.05032373271965511
5 0.5480174774749058 0.8207164389840088 0.10316324769092589 0.08205697279136218
5 0.29179687177272984 0.8389735365870372 0.09880793836009243 0.06766602205615727
5 0.7643911480210178 0.22084101380776228 0.1326935057494442 0.17185612793779903
6 0.7844082879835176 0.43161428844015964 0.12816183063166625 0.20853500109978604
6 0.507884744204073 0.47013929118962466 0.12027141819055523 0.18912809962937552
6 0.26722822431735976 0.6933302268440569 0.1132012119699997 0.179096198158965
0 0.8017105310562949 0.6474035138077623 0.2386892275213885 0.2155075021995721
0 0.5290932372768504 0.6855179531382207 0.2274783254478699 0.21123292462635365
2 0.8198630831770817 0.8008170877049544 0.11050685598499968 0.0952138742617727
2 0.4969787640907864 0.2733886397192141 0.1241387119699997 0.18024577573218342
1 0.23974246253564754 0.298059962689845 0.12277170160240711 0.16462077573218342
3 0.2500038936856935 0.49645522684405685 0.13827912441111073 0.2003095786730043