4 0.5296875 0.459375 0.80390625 0.76796875
8 0.465625 0.0171875 0.06171875 0.034375
8 0.540625 0.021875 0.06875 0.04375
0 0.62421875 0.0234375 0.07421875 0.04609375
5 0.74921875 0.021875 0.0328125 0.04375
5 0.7875 0.025 0.0328125 0.05
5 0.82265625 0.0234375 0.0328125 0.04609375
5 0.528125 0.1296875 0.096875 0.07109375
5 0.78359375 0.13828125 0.09453125 0.0578125
5 0.26171875 0.7015625 0.11875 0.16015625
6 0.26015625 0.490625 0.1109375 0.19609375
6 0.5375 0.48125 0.1046875 0.17734375
6 0.7953125 0.28515625 0.0984375 0.16953125
0 0.26171875 0.275 0.221875 0.1921875
0 0.53515625 0.265625 0.2109375 0.1890625
2 0.25703125 0.12109375 0.10234375 0.084375
2 0.53125 0.67734375 0.109375 0.16953125
1 0.78828125 0.6796875 0.109375 0.15390625
3 0.7953125 0.48203125 0.121875 0.18671875