4 0.4180597210517395 0.435503143972071 0.836119442103479 0.8613773917202078
0 0.004664593356854572 0.3740052624475546 0.009329186713709144 0.07855197510489073
5 0.008868367221839195 0.24912366161771765 0.01773673444367839 0.03612767676456467
5 0.014117783908938794 0.2106056132773916 0.028235567817877588 0.0366012734452168
5 0.014506278825662914 0.17556776244755462 0.029012557651325828 0.036364475104890735
5 0.07731412534660582 0.462047868876469 0.0826271497632796 0.10232136182749904
5 0.11426233480299638 0.20592792344057237 0.06821780622252867 0.09813076929603186
5 0.619620713497587 0.6851200225968023 0.1725550545485362 0.1308267153566284
6 0.40850979172721147 0.7026664105688105 0.20918794569665894 0.12585579544054096
6 0.4299171559688587 0.42603305558978855 0.18974425861515698 0.11818500539858476
6 0.2624379980808125 0.18307965144524813 0.17967557153365502 0.11122461037760659
0 0.19305821349758695 0.7174429960513077 0.21681339139331782 0.23643809793005205
0 0.21403202331329546 0.4447158910722859 0.2124744390006895 0.22526379958972598
2 0.043271058304425625 0.7337928143123656 0.08654211660885125 0.1095185551888033
2 0.6253172188873568 0.4174239597343291 0.1808895239262835 0.12216211037760658
1 0.6561888501141228 0.16021511097908456 0.1652645239262835 0.12097811867597633
3 0.4593129980808125 0.1681613560047071 0.20102689808928725 0.13608290041956286