2 0.2172184107737281 0.022771224927175357 0.04197981281194636 0.032386602665567026
6 0.35384321693014414 0.0361470663099713 0.040605200499114244 0.051045674452321665
6 0.3876557653910402 0.03478079460235894 0.034063469217919626 0.047738818025830944
6 0.4188328325707415 0.036471326734812556 0.04045933485851698 0.049483174452321664
6 0.26033060336952635 0.13996473660565786 0.12291828202986607 0.08148934389007838
6 0.7861922628954687 0.29705610339048283 0.11331579534092669 0.16223923871722884
6 0.22991761730498478 0.46574598660565786 0.1282534891845107 0.17202341567683294
8 0.48089523564894954 0.04297739099971981 0.07727202870210093 0.05990384890464333
8 0.5547493215474562 0.04904318606429716 0.0717513569050876 0.0675344924781526
0 0.6326555230865603 0.05366014139543122 0.0811263569050876 0.0678072771178887
5 0.7636867246256642 0.05982287635173643 0.04260529742090639 0.05577863855894434
5 0.8010408589850669 0.06247651491068078 0.03977202870210093 0.058812710345698974
5 0.835978310524171 0.0658432073096911 0.03875096921791936 0.04787521034569897
5 0.7830906969635532 0.17084294437756736 0.09656346921791972 0.04955738229073816
5 0.5063552626876728 0.46673915142456107 0.12825348918451063 0.17202341567683294
5 0.2474214941766634 0.27824598660565786 0.1342117579033161 0.16908027210332371
2 0.2132160014565915 0.6446522366056578 0.13689916098152413 0.16448370031656906
2 0.5242262267056438 0.1578271526782023 0.10539702870210092 0.060722202823851566
3 0.521931975457858 0.2830999373179384 0.14387848918451063 0.17247805674305985
3 0.7678552142267767 0.4766981392838602 0.1414828173874973 0.1801996285298145
1 0.7466329750422661 0.6452890149106808 0.1246488702161482 0.15010295157021042
8 0.4882370124798768 0.6440374373179384 0.2255660861063026 0.17952969028743926
4 0.5060746426793206 0.4361794732113157 0.8840137628944589 0.6895391200835302