2 0.78125 0.9906323001191453 0.0390625 0.01873539976170946
6 0.64375 0.9800709011748057 0.0359375 0.03985819765038876
6 0.61015625 0.9817581091700397 0.0296875 0.03648378165992057
6 0.57890625 0.980676850241586 0.0359375 0.038646299516828006
6 0.72734375 0.8806645823813831 0.115625 0.08014324188232536
6 0.18828125 0.729848961443516 0.0984375 0.16109323295387146
6 0.72734375 0.5548833323813833 0.1125 0.17071369480442442
8 0.51640625 0.9752870566136147 0.071875 0.04942588677277051
8 0.4421875 0.9707603336024946 0.065625 0.05847933279501092
0 0.3640625 0.9688657098203105 0.075 0.06226858035937895
5 0.2328125 0.9665637573036007 0.0375 0.05534206493480802
5 0.1953125 0.9643466923687924 0.034375 0.058412517856907445
5 0.16015625 0.96138928774241 0.034375 0.04747501785690744
5 0.203125 0.8558893100635443 0.0921875 0.04848413879807012
5 0.4515625 0.5571008027566482 0.1125 0.17071369480442442
5 0.72734375 0.7423833323813833 0.11875 0.16769778896022594
2 0.72734375 0.3759770823813833 0.121875 0.16306483603812652
2 0.4625 0.8658854675293007 0.1 0.059558006492821745
3 0.453125 0.7407218262955986 0.128125 0.17098643019392767
3 0.18984375 0.5501887349824663 0.125 0.17874438311602708
1 0.1953125 0.38153419236879255 0.1109375 0.14881142126547414
8 0.453125 0.3797843262955986 0.209375 0.1770921542193456
4 0.4546875 0.5876240998345489 0.821875 0.6815333814878788