2 0.21875 0.01640625 0.0390625 0.03203125
6 0.35625 0.02578125 0.0359375 0.05078125
6 0.38984375 0.0234375 0.0296875 0.046875
6 0.42109375 0.02421875 0.0359375 0.0484375
6 0.27265625 0.13203125 0.115625 0.078125
6 0.81171875 0.2734375 0.0984375 0.159375
6 0.27265625 0.4578125 0.1125 0.16953125
8 0.48359375 0.02890625 0.07109375 0.0578125
8 0.5578125 0.0328125 0.065625 0.065625
0 0.6359375 0.03515625 0.075 0.06640625
5 0.7671875 0.0375 0.03671875 0.0546875
5 0.8046875 0.0390625 0.034375 0.0578125
5 0.83984375 0.04140625 0.034375 0.04609375
5 0.796875 0.14765625 0.0921875 0.04765625
5 0.5484375 0.45078125 0.1125 0.16796875
5 0.27265625 0.2703125 0.11875 0.16484375
2 0.27265625 0.63671875 0.12109375 0.1609375
2 0.5375 0.1421875 0.1 0.0578125
3 0.546875 0.2671875 0.12890625 0.16796875
3 0.81015625 0.453125 0.12578125 0.1765625
1 0.8046875 0.621875 0.1109375 0.14765625
8 0.546875 0.628125 0.20859375 0.1734375
4 0.5453125 0.4203125 0.821875 0.66640625