4 0.4640837700535238 0.5930615222803024 0.9071182063492081 0.7070828488954986
5 0.7247466556201528 0.9013329145990985 0.11564358883351815 0.07795785672980174
5 0.44469581508859174 0.7489295203031361 0.12291347316352948 0.1670840237259963
5 0.19490086444259624 0.9771202334598224 0.04070414558877831 0.0457595330803553
5 0.15515724399224556 0.9747459792583438 0.04090440468807692 0.05050804148331238
5 0.11541362354189488 0.9736324540680634 0.038941386489479646 0.04833934091247087
5 0.1873069262827602 0.37734504448624284 0.11496127081949092 0.1402668557412186
1 0.17233636104651023 0.5498421269957569 0.13012519586563345 0.15802735870696819
0 0.1630150185123643 0.7319688774900485 0.22613860271317873 0.17284854547482595
8 0.1667734693152433 0.8566651299615063 0.20420544108527147 0.07377437551288217
3 0.4378974976928734 0.8794619372993306 0.13389294108527156 0.07090936068413427
1 0.7499502213178281 0.5569289985914873 0.14352636181247735 0.17259919467652338
8 0.7618155729512727 0.37177274859148735 0.24176360271317865 0.17348521543676992
8 0.45066162014580885 0.5580498523183586 0.22567752775932134 0.18997237847863174
8 0.4994882348929469 0.9821645136116093 0.07860466378737563 0.03567097277678144
8 0.41755711444259624 0.9786037969577007 0.0726550524363235 0.042792406084598514
0 0.33708836444259627 0.978885663307598 0.07527940468807692 0.04222867338480398
6 0.6347248280454016 0.9958788216722801 0.0382404796419344 0.008242356655439664
6 0.5981562723698757 0.9928029012160448 0.036978368290882455 0.014394197567910539
6 0.5637312075950509 0.9928838142579064 0.0368782387412331 0.014232371484187212
6 0.7377146298634163 0.7600858320895846 0.12946386181247735 0.1720261917107738
6 0.46915770358065617 0.3794301038012333 0.12563795496493207 0.16096135771838496