4 0.49921875 0.42734375 0.8640625 0.671875
5 0.21953125 0.13046875 0.1109375 0.0734375
5 0.50859375 0.27109375 0.11328125 0.1625
5 0.74296875 0.03046875 0.03671875 0.05078125
5 0.7828125 0.03203125 0.03671875 0.05390625
5 0.82265625 0.03359375 0.0359375 0.04765625
5 0.7890625 0.63125 0.10625 0.1359375
1 0.79296875 0.45859375 0.1203125 0.15390625
0 0.790625 0.2765625 0.21640625 0.1640625
8 0.77890625 0.15234375 0.2 0.065625
3 0.50703125 0.140625 0.1296875 0.065625
1 0.21640625 0.475 0.1328125 0.1671875
8 0.21640625 0.66015625 0.23203125 0.1640625
8 0.51484375 0.46171875 0.2140625 0.18046875
8 0.43828125 0.02890625 0.07421875 0.05703125
8 0.5203125 0.03046875 0.06875 0.0609375
0 0.60078125 0.03046875 0.071875 0.05390625
2 0.15703125 0.015625 0.0421875 0.03125
6 0.30234375 0.01796875 0.0359375 0.0359375
6 0.3390625 0.0203125 0.034375 0.040625
6 0.3734375 0.01953125 0.034375 0.0390625
6 0.215625 0.271875 0.11953125 0.1671875
6 0.5078125 0.640625 0.115625 0.15703125