4 0.4967325367917246 0.46225252564992436 0.8679713544042358 0.7322961359449396
5 0.2187722050168519 0.14581987043447378 0.11136474687674207 0.0811950056999832
5 0.5070165726996863 0.30665808951189477 0.11344539734428025 0.17036676634364492
5 0.7427914879979475 0.082422186061155 0.03779089149054773 0.05262225544788164
5 0.7826261476388678 0.08677083247452924 0.037809072208706954 0.05574725544788164
5 0.8224608072797881 0.09111947888790348 0.03621021077238851 0.04938799480421992
5 0.7853899949318345 0.6864266250491762 0.1070408612399266 0.14336722376899794
1 0.7903007296101322 0.5140435266583305 0.12120335518980241 0.16153806956195355
0 0.7890160064429077 0.3318483856928379 0.21657948770335977 0.1791404688253194
8 0.7780199399897373 0.20681018086537492 0.20038179508134402 0.07961036238870207
3 0.5062131176828345 0.17608007886823301 0.13006929508134385 0.07469363342392402
1 0.2136427808397962 0.4901325991471503 0.13378516842151908 0.17647465471124751
8 0.21256557328886153 0.6752888491471503 0.23220448770335986 0.18023307526193671
8 0.512157548891973 0.4977201320865417 0.2151169816532356 0.19621870818165768
8 0.43811307835702706 0.05955386054711668 0.07532725292686618 0.06149451089576328
8 0.5201352379979475 0.06685254433935776 0.06910452400410509 0.06574496832111634
0 0.6006039879979475 0.07247946748793711 0.07218407220870696 0.058150989608439806
2 0.15694034640920382 0.02660569468800437 0.042369307181592354 0.03420003737886684
6 0.3022392108705844 0.03911068454854573 0.03614657825883114 0.038450494804219894
6 0.33894432533196495 0.044022059674596506 0.03461134933607006 0.04302873416055817
6 0.3733238705115048 0.04564454383515467 0.03460225897699045 0.04146623416055817
6 0.21404327752014654 0.2869529688253194 0.11972266842151909 0.1754913089182919
6 0.5040854527773567 0.6761347091900639 0.11653403590796181 0.16433528763096844