2 0.1734375 0.0328125 0.03984375 0.065625
6 0.315625 0.03984375 0.03671875 0.0625
6 0.35 0.0421875 0.034375 0.0609375
6 0.3828125 0.04375 0.03359375 0.0546875
8 0.4484375 0.04921875 0.07109375 0.07265625
8 0.52578125 0.05078125 0.06640625 0.07265625
0 0.60390625 0.05 0.0796875 0.0671875
5 0.7421875 0.05234375 0.034375 0.05625
5 0.78125 0.05546875 0.0359375 0.0578125
5 0.8171875 0.05625 0.03515625 0.05625
4 0.509375 0.46328125 0.8421875 0.6828125
2 0.23125 0.16796875 0.10703125 0.0625
2 0.50859375 0.17109375 0.09296875 0.059375
3 0.7796875 0.178125 0.1203125 0.0625
6 0.23125 0.3078125 0.11484375 0.16796875
5 0.51796875 0.30234375 0.11171875 0.15
5 0.79140625 0.484375 0.109375 0.153125
1 0.78828125 0.29453125 0.1171875 0.14453125
5 0.23046875 0.50234375 0.11796875 0.1578125
1 0.51640625 0.49921875 0.1171875 0.16953125
6 0.23515625 0.690625 0.1109375 0.153125
6 0.51328125 0.671875 0.10625 0.1484375
6 0.78515625 0.67265625 0.103125 0.153125