2 0.9680783853437269 0.08314666847025799 0.06384322931254616 0.04675135690508749
6 0.9638288793761799 0.22599056385294594 0.06293635200509087 0.0433346256238929
6 0.9618851187141797 0.2605843623138419 0.06133748933799978 0.04006375998329555
6 0.9607044267186339 0.29354272795443925 0.055087489337999784 0.03948029742090622
8 0.9559992927275427 0.3596782576965299 0.07271134134309065 0.07858481946747684
8 0.9553367687380423 0.43716787333712726 0.07263861600890849 0.07233481946747666
0 0.9570270854153143 0.5152199405168286 0.06811474801081766 0.08595972254568487
5 0.9562923834340863 0.6537199889777245 0.056649989337999786 0.03962616306150366
5 0.9536219167727225 0.6930742202589192 0.05823067067154497 0.04133452870210093
5 0.9532588374442676 0.7290846530792179 0.056649989337999786 0.03962616306150366
4 0.542645864735815 0.45927015245482006 0.6926122387809948 0.9059307849410295
2 0.834722087364726 0.1535765463819263 0.06373633068109044 0.1120846256238928
2 0.8348242740690424 0.43121202766312094 0.06046588001272681 0.0992928943426982
3 0.830947485439177 0.7029621730458089 0.06389996268299925 0.12614712562389271
6 0.6948783373647258 0.16663152121538655 0.17009541868236297 0.13137848918451073
5 0.7036833620703149 0.4528397414732959 0.1513090560152719 0.12650310149734273
5 0.5248338454407678 0.7432705886028839 0.15439769334818115 0.12366983277853745
1 0.7146412327736769 0.7224229132703094 0.14511360001590834 0.13060713893495368
5 0.5003379966979532 0.1840105434697531 0.1591942813494537 0.13348242970032947
1 0.5067901807367695 0.46965631218855847 0.17011360001590833 0.1329409891845108
6 0.31211129069858945 0.2062748531617303 0.15441587468172652 0.12523233277853746
6 0.3340975680696786 0.4826494654745625 0.14967383068109025 0.12010723585674547
6 0.336479870106586 0.7545973982948612 0.15432496801399936 0.11741983277853763