2 0.9725412715394249 0.1452952180005604 0.05491745692115017 0.042534492478152594
6 0.9748328861478648 0.28768730648036245 0.05033422770427052 0.03931856426490725
6 0.9753081335499747 0.3221305026402964 0.0493837329000506 0.036148100158284534
6 0.9772366203084231 0.35498846674691914 0.04552675938315396 0.03596624373179384
8 0.971844279963349 0.42077259112009846 0.05631144007330206 0.0739663489046432
8 0.9738764915376386 0.4981618052267212 0.0522470169247228 0.06771634890464337
0 0.9779246711809432 0.5762640731734099 0.0441506576381137 0.0816424565847754
5 0.9851140943295225 0.7146135193333439 0.02977181134095517 0.03601170783841656
5 0.9844994122143789 0.7537669475465892 0.031001175571242358 0.037619671945039276
5 0.9857832247774041 0.7897271795999006 0.028433550445191712 0.03601170783841656
4 0.5723377198337256 0.493758079375109 0.7417039869336752 0.8620553145941117
2 0.8482018252619368 0.20704036322342229 0.06992972376899793 0.10806856426490725
2 0.8644705895118948 0.48447504143666775 0.06593063861970413 0.09547763605166182
3 0.8763960611872058 0.7557733799164698 0.07091306956195353 0.12213106426490725
6 0.7083580752619367 0.21110940076615226 0.17683528763096845 0.1205351235152496
5 0.7338761533738651 0.49766902639297295 0.15786676634364483 0.11686455423577727
5 0.5709655160146688 0.7764030948145152 0.16077324505632157 0.11383048244902269
1 0.7605907447273453 0.7677542058598595 0.15194454827463008 0.12137019780928675
5 0.513772194940106 0.21598843204067605 0.1661163089182919 0.12334187476889076
1 0.5368918927302034 0.5018350038274307 0.17694454827463008 0.12209762351524951
6 0.3258187268710911 0.22615435688870913 0.1608825056999832 0.11539298244902278
6 0.36401712144287995 0.5037337876092369 0.15586722376899792 0.11056909012915454
6 0.3822472234400219 0.7756315196625483 0.1603362024816745 0.1075804824490227