4 0.6027399338271683 0.4780013005505799 0.7630996608726923 0.8936979361540661
2 0.9104431561196906 0.17179971927701493 0.08790672249741008 0.114198278868608
2 0.38580714495203877 0.4961197819229669 0.17740587014004525 0.1287605787839034
6 0.5496512053339023 0.19594693472321206 0.20226032092583351 0.12709166297065302
5 0.9215627084342742 0.46099872716952267 0.07987589867609231 0.10905575256024883
1 0.9280846519813523 0.7355814982162101 0.06810364474715129 0.12395271046687384
0 0.7605159307267965 0.18209872439751246 0.21120728949430187 0.25227367349399665
1 0.7749424195591447 0.4750219717666765 0.1715197431755744 0.1362090577372161
6 0.5733071449520388 0.4851991505223451 0.19110449710451577 0.12176712613895013
5 0.7868967258026697 0.7485049743975125 0.17428087014004526 0.12857856826055958
6 0.5941462996239872 0.7644316242139858 0.19088617328319835 0.11707962613895014
6 0.399251176588458 0.7679492792921311 0.17010279238978612 0.139243052475544
5 0.35277620533390225 0.20741359769386505 0.16505141935425688 0.1311575366905286