4 0.5520882066950062 0.4746207518549266 0.7680659995457146 0.8979224814876356
2 0.8882491932388806 0.16654412940199104 0.08854460085908258 0.11468186613141404
2 0.33461410165205213 0.49400750925618214 0.17809842378986113 0.12976425046142523
6 0.5271479189286211 0.1927990553709842 0.2029346494796016 0.12824132325581447
5 0.8707563195398766 0.45575682372646503 0.08048643939369313 0.1094937183831675
1 0.850135123814605 0.7303760919250623 0.06880531094499105 0.12431768198597286
0 0.7381673060837508 0.17771906616832586 0.21261062188998175 0.2534415823551131
1 0.7235947144969224 0.47063775139350117 0.17225785956551007 0.13717623226282818
6 0.5221141016520521 0.48199196329826366 0.19175148801421232 0.12285291640826923
5 0.7084832123492159 0.7441253161683259 0.1749734237898611 0.12956399136212687
6 0.5152688008838264 0.7611788155500171 0.19150582654882306 0.11816541640826923
6 0.32114698665947533 0.7658324444813575 0.1708591338757694 0.14020110271317882
8 0.9674918786758451 0.3779241155223304 0.022353034825709273 0.06995155459579187
8 0.9625343837642276 0.45766168029715504 0.023751760515449406 0.06692668414544123
0 0.9572902838096564 0.5428679950719797 0.026051244911617033 0.08108931369509058
5 0.950578859115284 0.6857866802971551 0.021950243102595125 0.032551684145441226
5 0.9469691802370402 0.7249493098468044 0.025239017412854635 0.03587694324473993
5 0.9449220013587964 0.7640118098468044 0.025157130257724702 0.03431444324473994
5 0.3302729189286211 0.20541537862679865 0.16576219810012063 0.13208821406423077