4 0.51171875 0.42109375 0.8515625 0.7234375
2 0.22421875 0.1 0.11015625 0.0828125
2 0.5171875 0.63828125 0.11875 0.17265625
6 0.22734375 0.4609375 0.11640625 0.19765625
5 0.51328125 0.10234375 0.1046875 0.075
1 0.7875 0.10859375 0.11953125 0.0625
0 0.22578125 0.25 0.23984375 0.2
1 0.51875 0.24921875 0.1265625 0.16640625
6 0.5171875 0.45078125 0.1109375 0.1859375
5 0.7921875 0.25 0.11796875 0.16796875
6 0.796875 0.44296875 0.10703125 0.1859375
6 0.7890625 0.6375 0.1296875 0.1640625
8 0.44140625 0.009375 0.06875 0.01875
8 0.52109375 0.01015625 0.06640625 0.0203125
0 0.60625 0.0109375 0.0796875 0.021875
5 0.74921875 0.01015625 0.03203125 0.0203125
5 0.78828125 0.01171875 0.034375 0.0234375
5 0.82734375 0.01171875 0.0328125 0.0234375
5 0.22734375 0.6578125 0.12265625 0.159375