2 0.17734375 0.02578125 0.040625 0.05078125
6 0.3234375 0.03203125 0.03984375 0.0578125
6 0.35859375 0.03203125 0.03125 0.0578125
6 0.39296875 0.03359375 0.0328125 0.0671875
8 0.45546875 0.03828125 0.07265625 0.07109375
8 0.53828125 0.04296875 0.065625 0.07109375
0 0.6171875 0.0421875 0.07421875 0.0671875
5 0.75703125 0.0484375 0.0328125 0.05703125
5 0.7953125 0.05078125 0.0390625 0.05546875
5 0.8328125 0.05234375 0.03359375 0.05546875
4 0.515625 0.44375 0.85859375 0.68125
2 0.23046875 0.15 0.10859375 0.0828125
5 0.521875 0.1609375 0.09921875 0.0609375
1 0.7921875 0.1640625 0.1203125 0.05546875
0 0.23125 0.2890625 0.24609375 0.18046875
1 0.5265625 0.2921875 0.125 0.15703125
5 0.796875 0.28828125 0.1140625 0.146875
6 0.23125 0.4921875 0.115625 0.17421875
6 0.52734375 0.4734375 0.10625 0.17109375
6 0.8046875 0.478125 0.10078125 0.16875
3 0.79453125 0.65078125 0.128125 0.15078125
2 0.525 0.65703125 0.11953125 0.14921875
5 0.234375 0.67578125 0.12578125 0.14375