2 0.17824405108845914 0.016213464613910673 0.04237103847458741 0.032426929227821345
6 0.3245560558977825 0.012753634428842493 0.0426438569862416 0.025507268857684985
6 0.3597123058977825 0.010425101196551167 0.0332688569862416 0.020850202393102334
6 0.39414186960011344 0.011586828079129075 0.03515873920022683 0.02317365615825815
8 0.45680556070710593 0.012591289789403137 0.0743849303072194 0.025182579578806274
8 0.5397817518140985 0.009912713209951268 0.0681349303072194 0.019825426419902537
0 0.618660719962933 0.004012749345879196 0.07734623920022692 0.008025498691758393
4 0.5311210914619631 0.3871651734205481 0.8831647742162531 0.7743303468410963
2 0.23570686542376212 0.1230620665283945 0.1122668762235353 0.09559660402042294
5 0.5274950613400782 0.09993906081683909 0.1021279843909035 0.07262582367581527
1 0.7979166887447399 0.07146906088065096 0.12227679328391083 0.07031251442246525
0 0.24134428493120832 0.2620332514996772 0.25320438947037927 0.2101055490746689
1 0.5367659123358701 0.23064117064453526 0.13045637023308565 0.17086040459476912
5 0.8069420030800429 0.19513992070834713 0.11919148801910069 0.1602069941927268
6 0.2484375662342196 0.46515825149967716 0.12173613466105584 0.1885146242501614
6 0.5438765518062493 0.4117998556158179 0.11225200725639403 0.1842938439055537
6 0.8213839929132419 0.38407052042117407 0.1058928798517325 0.18043832367581522
3 0.8172570320208014 0.5579138657944991 0.13336311542376222 0.16497566470963837
2 0.5479440368301249 0.5956675507019699 0.12398811542376223 0.16387988436503065
5 0.2579738012580951 0.6483867413848079 0.1300198606144388 0.15836040459476913