2 0.7772812824694979 0.9979749759342471 0.042953787427387445 0.0040500481315056906
6 0.6314786308979213 0.9886423549510883 0.04331766046291676 0.02271529009782327
6 0.5963223808979213 0.9877550536497879 0.03394266046291676 0.024489892700424322
6 0.5620201555050273 0.9836062444559793 0.03594180810555194 0.0327875110880413
8 0.4997384793263448 0.9777017313370934 0.07522263192686936 0.0445965373258133
8 0.4171443031476624 0.9730373471644611 0.06897263192686935 0.05392530567107769
0 0.33820166584410943 0.9721654564147393 0.07812930810555185 0.055669087170521436
5 0.19864901427253284 0.9657138181899725 0.0354323858558109 0.05816111049510866
5 0.16047692618319162 0.9611404392790123 0.041682385855810855 0.058525131541796324
5 0.12304970079029749 0.9573938129988878 0.03699488585581086 0.058252115756780756
4 0.4584672398703148 0.5844616311182731 0.8911047286981539 0.7313028939195171
2 0.7299418637344136 0.8948200913733857 0.11323205417661039 0.08918286831702957
5 0.43904503598415456 0.8669101100715858 0.10283820967712849 0.06676183674699843
1 0.16887808519836628 0.8480411998023559 0.12293238585581086 0.06325740514873246
0 0.7356375537668349 0.7557120887425498 0.2553168544242794 0.19562883134415224
1 0.4404706029810466 0.7353870942865702 0.1322774607105858 0.16353042093374803
5 0.16997616646328195 0.7235494340173403 0.12090331306795062 0.15351838410204516
6 0.7450982526905964 0.5525870887425498 0.12377575599585597 0.1817343893637169
6 0.448131207405326 0.5540915916557344 0.11425520678164425 0.17806335779368573
6 0.17100578122664362 0.5332506577089811 0.10785965756743261 0.17457433674699843
3 0.18920362531184087 0.36118594190984815 0.1351113622821623 0.1574624314570916
2 0.45902597374026427 0.3706343495482421 0.12573636228216234 0.15691639988706055
5 0.7505242690255346 0.36881132821920604 0.1316952638537389 0.15103042093374786