4 0.4999304000965451 0.44289131273867854 0.8805922522689139 0.6706463321132675
6 0.24801189305917956 0.16551810136854384 0.11818155347041018 0.08255905601527198
6 0.5273716111281944 0.17346006007317846 0.10815098960843983 0.07307496801399935
6 0.7623818515698133 0.6367253181094494 0.11317697921687966 0.14494996801399934
6 0.22437874303950908 0.4811249200349984 0.12786219209011432 0.17634541868236298
6 0.3406360716556406 0.04853114337999785 0.0434329257464694 0.06295453333863613
6 0.3774640822993023 0.047395904718315805 0.03696440445914595 0.059756808004454334
6 0.41022195197747136 0.048558962722770146 0.03929172896477802 0.07071248933799978
2 0.19910413551761094 0.03750164202736238 0.04644866510280767 0.061428396005727005
2 0.5220289112444099 0.2945901727402694 0.1268788462971587 0.16228291868236297
2 0.21308669191488736 0.6537902607017712 0.13592606436617355 0.1577045066836355
1 0.49521077706418126 0.6445629007399513 0.13192697921687965 0.1451681440165448
1 0.7924506718880717 0.29617304344363127 0.1254584579295562 0.14197041868236288
5 0.5104090781888029 0.47194301340704203 0.12364458565349708 0.16068405601527208
5 0.7810493601197882 0.470400884110404 0.12251912822814397 0.1669158746817267
5 0.7623636061845158 0.06673044410404068 0.04165190445914604 0.05981135200509069
5 0.7998089758626848 0.06794804610913134 0.039980143815484225 0.058230670671545234
5 0.8373636061845158 0.06760314811422201 0.041433383171822415 0.05668635200509069
5 0.23665413995708642 0.2943970793682257 0.13323810694082044 0.1639181440165447
8 0.47250343069014794 0.05241121606458794 0.08180701089576328 0.07589088534372679
8 0.5510818987591627 0.058016873408632895 0.07879127153942492 0.0774170226766359
0 0.6274805077936702 0.061251508752359685 0.08693155347041018 0.08219542934436312
3 0.7904889701627017 0.1788673647755859 0.12758940445914604 0.06081132535009015
3 0.7663134148507061 0.02142703477081339 0.04237317029858776 0.02547271467218156
3 0.8046492951725369 0.021091227442676785 0.036013909654926124 0.023837489337999784
3 0.8412587845288751 0.02308098878099474 0.04248243094224975 0.02703521467218157