4 0.53046875 0.43671875 0.834375 0.6609375
6 0.259375 0.1625 0.11328125 0.08046875
6 0.5390625 0.1671875 0.103125 0.07109375
6 0.80625 0.62734375 0.103125 0.14375
6 0.2578125 0.478125 0.11484375 0.175
6 0.34375 0.04453125 0.0390625 0.0625
6 0.38046875 0.04296875 0.0328125 0.059375
6 0.41328125 0.04375 0.03359375 0.0703125
2 0.2015625 0.03515625 0.0421875 0.0609375
2 0.5421875 0.28828125 0.115625 0.1609375
2 0.25859375 0.65078125 0.12421875 0.15546875
1 0.53984375 0.63828125 0.12109375 0.14375
1 0.8125 0.28671875 0.115625 0.14140625
5 0.54296875 0.465625 0.11328125 0.159375
5 0.81328125 0.4609375 0.1109375 0.165625
5 0.76640625 0.0578125 0.03671875 0.059375
5 0.80390625 0.05859375 0.0359375 0.0578125
5 0.84140625 0.0578125 0.03671875 0.05546875
5 0.25703125 0.29140625 0.12265625 0.16171875
8 0.47578125 0.046875 0.0765625 0.075
8 0.5546875 0.0515625 0.0734375 0.0765625
0 0.63125 0.05390625 0.08125 0.08125
3 0.80234375 0.16953125 0.1234375 0.059375
3 0.7671875 0.0125 0.03984375 0.025
3 0.80546875 0.01171875 0.034375 0.0234375
3 0.8421875 0.01328125 0.03984375 0.0265625