4 0.5177615321989607 0.4212836858015997 0.8536063171013941 0.6852153329365116
6 0.2546467329112412 0.15495295830063494 0.11486413354437941 0.08452341567683304
6 0.5341978405913731 0.151502383215175 0.10521634890464338 0.07487563103709696
6 0.7879961611909935 0.6038842709826966 0.10730769780928658 0.14675063103709682
6 0.24390048337345957 0.4706234224072576 0.12071697994174029 0.17836434389007838
6 0.3424542729612536 0.034529146543010154 0.04088106426490725 0.06363660266556702
6 0.37921848706787625 0.031898240037377144 0.03454013605166191 0.0603297462390763
6 0.4120082550145649 0.033690549485575164 0.03642088479802066 0.06738109897115033
2 0.20053955760098968 0.03018694784254016 0.043960600158284534 0.06037389568508032
2 0.5337993723281154 0.27250520500192965 0.1203078029821361 0.16430184389007838
2 0.23965794959165332 0.6432569403539462 0.12954641066226813 0.15988712852981452
1 0.5212716624446347 0.6225734011618637 0.12605769780928675 0.14729620031656906
1 0.8041573364347381 0.2630774145562058 0.11971676959604131 0.1439893438900784
5 0.529420446226441 0.44982622294861835 0.11713733887551356 0.16264841567683314
5 0.7998693385463091 0.43727343250289447 0.11575669530200425 0.1688529515702104
5 0.7647240780549608 0.03551235570157491 0.03922763605166182 0.06046613855894435
5 0.8022013460016495 0.03520246714263057 0.0376196719450391 0.058858174452321665
5 0.8397240780549609 0.033330078583686217 0.039136707838416385 0.057341138558944335
5 0.24855219411486998 0.28392740446056897 0.12660326708875883 0.16604620031656908
8 0.47441732680131954 0.03582252507282464 0.07874477711788863 0.07164505014564929
8 0.5531871844814515 0.037386199327290606 0.07566524122451135 0.07477239865458121
0 0.6296814883215175 0.03867290884831327 0.0836141335443795 0.07734581769662655
3 0.7974108944314391 0.14618543124925326 0.12516513605166182 0.06296666442319179
3 0.7668237871470185 0.001634078517179212 0.04135242570596294 0.003268157034358424
3 0.80512776920033 0.00025042910442868714 0.03505696159934004 0.0005008582088573743
3 0.8418010550937073 0.0013241899582348642 0.04139788981258548 0.0026483799164697284