4 0.43872225246401014 0.5325292493756022 0.6867637384274661 0.8282631813637071
6 0.1682745542820248 0.7596691543259937 0.08004605027685519 0.1099806851080741
6 0.1580532433647115 0.503221366888383 0.07475777297895929 0.10016808818628213
3 0.1393080336194174 0.2591796356071884 0.06678458667404978 0.12116789434269819
5 0.30358099860649884 0.7746302822376621 0.16023419802510172 0.12523233277853763
2 0.2845156138150622 0.5134739837767661 0.16129605027685515 0.11756569841913489
1 0.26292600632152147 0.26140095403467545 0.15700906847545246 0.12337810149734282
6 0.4950873781561482 0.794061323210834 0.1752584207272058 0.1173159891845108
5 0.4658657433647114 0.5319568980860554 0.16638406847545256 0.12425329534092669
5 0.4441259415466968 0.27754011834396475 0.16285855027685514 0.11771156405973215
2 0.6737933690568495 0.8076379390592272 0.16013406847545256 0.12366983277853763
1 0.6470656785898867 0.5480960623953447 0.16013406847545256 0.12366983277853745
6 0.6217200154208201 0.29800211855176073 0.1640205320782579 0.11160742970032941
2 0.06328546806940039 0.8057814923044798 0.025740479641934398 0.03812548460895968
6 0.05966221544850673 0.6765315892262718 0.03461483189368777 0.031188178452543625
6 0.05765962445552031 0.6452815892262718 0.03481509099298643 0.03431317845254363
6 0.05560696868770922 0.6132503392262718 0.0347149614433371 0.032750678452543626
8 0.05830236967515832 0.5583650517886612 0.04971820018457014 0.07298010357732246
6 0.061826690310079126 0.6254796189683625 0.04815570018457014 0.07283423793672501
0 0.04820907155777145 0.4129796189683625 0.04855621838316741 0.079084237936725
8 0.055208845616464886 0.4858546674292585 0.052743070634920806 0.07170933485851698
5 0.03770476326135178 0.2854170705074665 0.04126535009228507 0.038021641014933036
5 0.03623309839424206 0.25033375332776514 0.04282785009228507 0.0381675066555303
5 0.033248998301956996 0.21588582050746652 0.04116522054263575 0.03645914101493304