4 0.4473994822913305 0.4826878502247915 0.7002525127561914 0.7872993555020539
6 0.1814069179069424 0.7449367637900536 0.08185552000387934 0.1052618130112661
6 0.16667564077606137 0.48772365736356277 0.0764027454580721 0.09575042069139812
3 0.14365350258507387 0.2440645855768082 0.06881338606495561 0.11735263605166182
5 0.3167544865433943 0.7433478685671917 0.16218074879205205 0.1153929824490227
2 0.29311059501842684 0.48247856472712564 0.16310552000387935 0.10762594655564542
1 0.26710697803926664 0.23107518910030506 0.1589282030344174 0.11373955423577745
6 0.5082882823010288 0.7393410155059132 0.1770404742462448 0.10647262351524951
5 0.4744881407760614 0.4787672283588947 0.1683032030344176 0.11401233887551357
5 0.4482932051604494 0.225020102732074 0.16466802000387926 0.10767141066226812
2 0.6869394407857596 0.7310103752976163 0.1620532030344176 0.11383048244902269
1 0.6556743678972441 0.4727121419906636 0.16205320303441742 0.11383048244902269
6 0.6259558195545358 0.22376617663039972 0.16572033697334126 0.10146687476889076
2 0.0774048151817857 0.80434651920033 0.026371052425594323 0.03661946159934004
6 0.07150601729811927 0.6745226268804618 0.035108323637421626 0.029079746239076342
6 0.06895510214542856 0.6432726268804618 0.0353634151526907 0.03220474623907634
6 0.06634041411392058 0.6112413768804619 0.035235869395056164 0.030642246239076344
8 0.06806253971789458 0.5555907704539711 0.05092451333591956 0.07006845909205772
6 0.0727657572961796 0.6228010025072825 0.049362013335919566 0.070022994985435
0 0.0554195342578828 0.4103010025072825 0.0498721963664577 0.07627299498543501
8 0.06369416198788869 0.4828890563473484 0.053921967578285025 0.06859688730530315
5 0.04268080501066816 0.28302544866721646 0.041868506667959784 0.035511602665567035
5 0.04059227546389112 0.24784646661390514 0.04343100666795977 0.03555706677218975
5 0.03700501879593134 0.21349419866721647 0.04174096091032524 0.033949102665567034