4 0.50546875 0.40703125 0.76796875 0.63828125
6 0.2515625 0.1203125 0.10234375 0.0734375
6 0.50859375 0.1265625 0.09453125 0.06953125
3 0.75234375 0.1234375 0.11484375 0.05859375
5 0.24921875 0.25546875 0.11015625 0.15234375
2 0.51015625 0.253125 0.10234375 0.1546875
1 0.76171875 0.24765625 0.10859375 0.14921875
6 0.24765625 0.446875 0.1015625 0.16875
5 0.50859375 0.434375 0.11015625 0.16015625
5 0.7625 0.42890625 0.103125 0.15546875
2 0.25078125 0.62578125 0.109375 0.153125
1 0.509375 0.615625 0.10859375 0.15234375
6 0.75859375 0.60625 0.09609375 0.1578125
2 0.1953125 0.01171875 0.03671875 0.0234375
6 0.325 0.01640625 0.02890625 0.0328125
6 0.35625 0.01640625 0.03203125 0.0328125
6 0.38828125 0.01640625 0.0296875 0.0328125
8 0.44375 0.02265625 0.06796875 0.0453125
6 0.3765625 0.021875 0.06796875 0.04375
0 0.5890625 0.021875 0.075 0.04375
8 0.51640625 0.02421875 0.0671875 0.0484375
5 0.71640625 0.01953125 0.03359375 0.0390625
5 0.7515625 0.0203125 0.03359375 0.040625
5 0.7859375 0.01953125 0.0328125 0.0390625