6 0.3046875 0.0109375 0.034375 0.021875
6 0.33671875 0.01015625 0.03359375 0.0203125
6 0.3765625 0.0171875 0.034375 0.034375
4 0.50078125 0.4125 0.87578125 0.68828125
8 0.43671875 0.01796875 0.0703125 0.0359375
8 0.51953125 0.0234375 0.06875 0.046875
0 0.603125 0.02109375 0.078125 0.04140625
0 0.79453125 0.25859375 0.2203125 0.16484375
8 0.7828125 0.12578125 0.2046875 0.071875
8 0.5140625 0.45078125 0.2203125 0.1828125
8 0.21484375 0.6546875 0.23515625 0.1765625
1 0.21640625 0.45390625 0.1375 0.159375
1 0.796875 0.45234375 0.12265625 0.159375
5 0.51640625 0.2625 0.115625 0.153125
5 0.7921875 0.62734375 0.11484375 0.14140625
5 0.7453125 0.0203125 0.03984375 0.03984375
5 0.7828125 0.02109375 0.040625 0.04140625
5 0.82578125 0.0203125 0.0328125 0.03984375
6 0.21640625 0.2609375 0.1140625 0.16953125
6 0.5125 0.63671875 0.11171875 0.15
5 0.2171875 0.1171875 0.1125 0.071875
3 0.509375 0.12890625 0.13046875 0.06484375