4 0.3805086088870419 0.4703739400733019 0.7435725478036198 0.9230746832111635
8 0.0010468561092647297 0.5620247525978901 0.0020937122185294595 0.07282549480421992
8 0.00914400678755941 0.478829840345074 0.01828801357511882 0.07202781930985207
0 0.009238291565152731 0.39539998131056653 0.018476583130305462 0.08096577673520508
0 0.24542671422111426 0.18738611347398287 0.17974326650055428 0.23189412822814393
8 0.11186324259874436 0.2083920181852303 0.08499197100406106 0.20971348960843983
8 0.4196409600590611 0.4544158043035894 0.19693076650055427 0.233095995308423
8 0.6043724013012162 0.739376040305733 0.19158193244739827 0.24672145273377594
1 0.4036912808508655 0.751853533016266 0.16818640036914018 0.14864458565349709
1 0.43932690854558826 0.1714940436599277 0.167185104872647 0.13301958565349697
5 0.23150990438353508 0.4652379618648285 0.1605345866740498 0.12633254307885
5 0.6140265198966403 0.1639443515698134 0.14803458667404978 0.12545845792955612
5 0.012802783776300916 0.2532671116323974 0.02560556755260183 0.04346577673520517
5 0.01439496337209277 0.21571248131056658 0.02878992674418554 0.04346577673520509
5 0.015255957742709284 0.17279836163239745 0.030511915485418567 0.03565327673520509
6 0.21072253085086548 0.7653472225084903 0.17605945712440044 0.12586264951546725
6 0.6054783305094118 0.442976287707843 0.15720932757475126 0.12298902179152656
5 0.0670225956256901 0.77461795172537 0.07908432757475112 0.11752598960843982
3 0.09746557141011317 0.4816109968979069 0.07403588217054298 0.13583894703379293