6 0.0311690274470931 0.6953761325135573 0.022875210345698983 0.03450226502711473
6 0.02945576326132814 0.6633403373340175 0.021312710345698982 0.03449317466803503
6 0.03532767854244977 0.6235374939498758 0.035375210345698994 0.03457498789975162
4 0.42702578206594666 0.501618604797019 0.7129598997087015 0.8789997579950317
8 0.034358560437476544 0.5633857891294156 0.037983384798020645 0.07052157825883114
8 0.03741771278647445 0.4806051053861943 0.04887542069139796 0.0690227107723885
0 0.03264163308216101 0.39699771984757487 0.04289820533113405 0.07836134933607006
0 0.26457228002088257 0.20697320442767672 0.1720354390337981 0.22127607806243949
8 0.13210076082055267 0.2179192739059092 0.0778307979675712 0.20510565651766247
8 0.46492058715965384 0.48856006859446965 0.1892229390337981 0.2213760720123153
8 0.6775332135778973 0.7889651104543598 0.1833821159934022 0.23540221057599683
1 0.4767064994712745 0.786234499312629 0.16337584138279587 0.13842721662612104
1 0.45825408386094857 0.20575665895354933 0.16292120031656906 0.12280221662612104
5 0.2765711409997198 0.48512093032537573 0.15648934389007838 0.11651585518980241
5 0.6333904761808166 0.2114622791704665 0.14398934389007856 0.1164431323171656
5 0.027723149379497027 0.25480567466803505 0.041807066772189705 0.040861349336070066
5 0.027413260820552676 0.21731021984757484 0.041807066772189705 0.040861349336070066
5 0.025381747888428945 0.17433692466803502 0.04157974623907631 0.033048849336070066
6 0.28373774947127456 0.7851118399662962 0.17206887978345567 0.1150442587805987
6 0.6509035512662764 0.4912043213249442 0.1532734156768331 0.11337267447164337
5 0.13996501741796324 0.7834942769309714 0.07514841567683303 0.11291815651766246
3 0.14318197947952188 0.4913749546240684 0.06944398495630519 0.13163179508134384