2 0.16640625 0.02109375 0.0421875 0.0421875
2 0.22109375 0.1484375 0.11015625 0.0703125
2 0.51171875 0.6765625 0.11640625 0.16796875
6 0.51171875 0.4890625 0.10234375 0.1796875
6 0.7828125 0.48125 0.11015625 0.178125
6 0.22421875 0.5015625 0.1125 0.18359375
0 0.225 0.2890625 0.2328125 0.20078125
0 0.5984375 0.034375 0.07734375 0.06875
5 0.7359375 0.03671875 0.0390625 0.05625
5 0.7734375 0.03828125 0.0359375 0.05625
5 0.8140625 0.04140625 0.03359375 0.05859375
5 0.778125 0.2859375 0.11015625 0.1609375
5 0.5046875 0.1515625 0.1078125 0.06328125
1 0.5109375 0.2890625 0.11875 0.16640625
5 0.22578125 0.690625 0.1234375 0.14765625
3 0.775 0.6734375 0.12578125 0.17109375
1 0.77421875 0.16171875 0.11796875 0.0671875
8 0.440625 0.03359375 0.075 0.0671875
8 0.51796875 0.03515625 0.0703125 0.0703125
6 0.31015625 0.02578125 0.03828125 0.0515625
6 0.34453125 0.025 0.03671875 0.05
6 0.38046875 0.02734375 0.040625 0.0546875
4 0.5015625 0.44765625 0.84296875 0.69921875