2 0.08029203317551076 0.7702607501411742 0.08001827360990721 0.11503273677523325
2 0.6338434260127324 0.44887597169608934 0.17886587672018486 0.12545356826055976
6 0.44634342601273247 0.4597966030967112 0.1887097684261109 0.11359060509226264
6 0.4622485558904634 0.18915787940507048 0.18769407257314796 0.11974959983059082
6 0.4336904352490293 0.7465685610033365 0.19421747464666642 0.12323862087727804
0 0.22125878576740893 0.7581640265907079 0.22036845447712922 0.2444611734939965
0 0.018517679735926273 0.3995603842432193 0.03703535947185255 0.08212923151356133
5 0.021725018873588197 0.26192387635071157 0.043450037747176394 0.04233868942018652
5 0.024078330796319644 0.2243328710890397 0.04815666159263929 0.03921368942018653
5 0.028165019015000164 0.18352586056569598 0.05633003803000033 0.03783319994353027
5 0.26652595278018565 0.20522103711405162 0.17050657257314797 0.11874854195220044
5 0.10822827134731576 0.4864849896178306 0.07193237153638869 0.11145271046687384
1 0.2462750754943528 0.47222652659070796 0.1760142787937035 0.1283965577372161
5 0.6228896362857885 0.7339944243410427 0.15767438190398125 0.1319919945971538
3 0.653752550706667 0.18577673221943306 0.18281108294074055 0.13501057878390338
1 0.1419654501882875 0.2163622054169636 0.07757677879370348 0.1226632262518895
8 0.010764676861204204 0.5574183868740553 0.02152935372240841 0.07891322625188942
8 0.015608001743426355 0.4799836316123834 0.03121600348685271 0.07440773677523324
6 0.001131326201412612 0.6179386579207427 0.002262652402825224 0.04381018415851479
4 0.40404861927379726 0.4723644925310152 0.7738185598499984 0.8845203572289883