2 0.8848960526887895 0.9010869307413291 0.04439845318850324 0.046125872296127565
2 0.8235347495457148 0.7788484781622353 0.11305992198083885 0.08052309484181244
2 0.5052318911118586 0.277854487313337 0.12446881275401314 0.17954405740420185
6 0.5150583497274288 0.465354487313337 0.11254202283992143 0.1893146322794232
6 0.24437403550307762 0.49847467595697237 0.11871013568479168 0.18833559484181245
6 0.8019032524863908 0.4260152094434299 0.12216268430531088 0.19487732612300715
0 0.8122586555840371 0.6385881422637285 0.243375943011738 0.22329648044900097
0 0.4521687618701867 0.9281375303664884 0.08172803482570909 0.07604328202986607
5 0.314545931137492 0.9386299567390527 0.042010437584671045 0.05989664101493304
5 0.2769640439823623 0.9405682321133885 0.03888543758467104 0.05960490973373851
5 0.23617526967210276 0.9412357387689188 0.03748671189493056 0.06258404409314125
5 0.2592974298942966 0.6933495790351804 0.11937187697836445 0.17129396048240988
5 0.5397772252354553 0.8021980919306492 0.11108798620519007 0.07256472920121518
1 0.5263211555840371 0.6652815544930384 0.1274300384437538 0.17671078868539639
5 0.7904324067156908 0.23709857508402718 0.13113489258219674 0.15839838560718836
3 0.24211441542211815 0.3055578477539857 0.13557008706427265 0.18369011688838305
1 0.26971370872711187 0.8172036649336871 0.12227114767057934 0.07827328868539637
8 0.6100222054477515 0.9141863506661589 0.07852114767057934 0.07418905074867155
8 0.5325965682926218 0.9198441998757264 0.07399742198083885 0.07687645382687976
6 0.7409003912234002 0.9098190696762826 0.040202276119281774 0.05506327537433577
6 0.7065663348009652 0.9138093637694237 0.040120388964152195 0.05350077537433577
6 0.6705060040682705 0.914820523503162 0.04349105042954129 0.058480006655530305
4 0.5273846093383672 0.5058126106494545 0.8804354454981288 0.7787674459225535