4 0.53125 0.4375 0.86015625 0.6953125
2 0.18828125 0.0171875 0.0421875 0.034375
6 0.3375 0.0234375 0.0359375 0.046875
6 0.3703125 0.025 0.03828125 0.05
6 0.40546875 0.0265625 0.0375 0.053125
8 0.47265625 0.03359375 0.07421875 0.0671875
8 0.55390625 0.034375 0.06875 0.06875
0 0.63125 0.03671875 0.07734375 0.0734375
5 0.77578125 0.046875 0.0375 0.05703125
5 0.81484375 0.0453125 0.034375 0.05703125
5 0.84921875 0.04921875 0.03671875 0.0515625
5 0.53984375 0.28125 0.11484375 0.13515625
5 0.8140625 0.6578125 0.10859375 0.1453125
5 0.2453125 0.67109375 0.1296875 0.1453125
6 0.24453125 0.48125 0.11640625 0.1734375
6 0.53828125 0.66328125 0.10234375 0.15703125
2 0.240625 0.14375 0.109375 0.08359375
2 0.53359375 0.15 0.0921875 0.05703125
8 0.80234375 0.165625 0.1984375 0.0671875
0 0.8171875 0.2984375 0.22109375 0.18203125
0 0.24375 0.284375 0.24609375 0.18046875
0 0.53984375 0.4671875 0.22734375 0.17578125
1 0.81953125 0.47421875 0.1234375 0.146875