4 0.5047966378737556 0.551589722645833 0.9039326495939479 0.7153146751493062
2 0.8747002367294229 0.9639195363817008 0.04439035009228505 0.03535692496187508
6 0.7250809685308257 0.9611426413394438 0.038941386489479514 0.04771145459715278
6 0.6921683389811764 0.9603438607542355 0.04070414558877822 0.05087282218833309
6 0.656911959431527 0.9595996315557981 0.04090440468807692 0.05399782218833345
8 0.589273876458105 0.9541321879765622 0.07930557063492075 0.0689331443766669
8 0.5079738116832805 0.955242052717951 0.0731557001845701 0.07035017401194459
0 0.4304798673588065 0.9546984984813885 0.08283108883351815 0.07525587955902786
5 0.2852977752860859 0.94790625066559 0.04110466378737563 0.05712282218833309
5 0.2463354048357352 0.9503779404451042 0.03797966378737554 0.05705008700597247
5 0.21171008096161192 0.9472717774510763 0.04080427513842757 0.052435322188333446
5 0.5062158428386877 0.708039744397326 0.12423614126984166 0.1370662017473613
5 0.20786587137320134 0.33785975664951373 0.11868704811738687 0.147858231382639
5 0.7757647702011821 0.31134070345979104 0.13899954811738677 0.1483310100679862
6 0.7887117604835746 0.5011662696642007 0.1267393800110746 0.1761287017473613
6 0.4832966679494287 0.32597212680614546 0.11313795496493206 0.1586502610179167
2 0.814245993207828 0.8385753506862492 0.11478199568106326 0.086920731382639
2 0.5208767250092308 0.8391442740326038 0.09579216378737562 0.05839568787965277
8 0.2511254295127375 0.8297744997156595 0.20274307063492084 0.07180618407993081
0 0.2277706677925452 0.6973074918318748 0.23359015730897054 0.187976697947639
0 0.8021093337393891 0.6980230858686105 0.25849002775932134 0.18699607940652802
0 0.4943004264304185 0.522102244397326 0.23933950956072395 0.18030966831236128
1 0.21416234345699653 0.5215807932186457 0.1328496776670362 0.14974803970326392