4 0.5655907220870701 0.4919161682817754 0.7003121974937898 0.907995986429472
2 0.9832988342107596 0.11955630513676867 0.033402331578480826 0.044591234160558144
6 0.9774919892158909 0.2692120977114156 0.04501602156821818 0.03921531930985207
6 0.9760226653964569 0.30213385835507733 0.0479546692070862 0.04099634059717552
6 0.9745624319361028 0.33739936899873907 0.050875136127794464 0.041214861884498966
8 0.9676720825018368 0.4050785418952169 0.06465583499632643 0.07969820767745457
8 0.9671362721969864 0.48638317221704774 0.06572745560602726 0.07355746832111638
0 0.9650038730455875 0.5638908131825403 0.06999225390882487 0.08326025025210164
5 0.9576383632830303 0.7091322573663417 0.056468168617910666 0.041433383171822415
5 0.9594281222600205 0.7480854967226799 0.05644998789975162 0.03830838317182241
5 0.9557218601597721 0.7827336483318342 0.05178066861791066 0.04110560124083733
5 0.721890719062008 0.4895838539156019 0.13504768657189176 0.12502141535490913
5 0.3469235770804808 0.79013441903808 0.14594882513557322 0.1195362398605413
5 0.3303334363755 0.22231313450920479 0.14606699980360832 0.1398487398605414
6 0.5201726411959602 0.20825671630430395 0.17411018657189176 0.12775293144645258
6 0.3398503787029283 0.514735581290896 0.15684996369925477 0.11405106436617345
2 0.8576499152982612 0.1807501672733692 0.0850113251355733 0.11527507475773371
2 0.8531043576256895 0.4741559598480162 0.056786331185697494 0.09612088317182241
8 0.8390428993873836 0.7439985662846336 0.0683419756031114 0.20313570767745456
0 0.70631675779864 0.7681294709958809 0.18254083098930565 0.23454923466476138
0 0.7170430960164204 0.19370862520292537 0.18268627673457943 0.25954923466476126
0 0.535953219062008 0.5025858705113484 0.17632719242562409 0.2403621920901143
1 0.5305491433372594 0.7827650434078262 0.1475931383672897 0.13370800050420328