6 0.7687239197730509 0.9260237586689666 0.038411836641599174 0.05521812101845249
6 0.6500466943801567 0.9313776585560272 0.033578787427387444 0.05182010523343692
6 0.6203228070766038 0.9338880085277923 0.030599336641599174 0.05476309471009344
6 0.5914165570766038 0.9355716058687215 0.03201628742738745 0.05172909997176518
8 0.5375830816837096 0.9371487873964004 0.05894266046291676 0.061088689420186526
8 0.4680518316837096 0.9411985215407975 0.05872433664159917 0.05640118942018653
0 0.3938330816837096 0.9455212714702104 0.07144266046291677 0.061816731513561506
5 0.2701044832552862 0.9589606871422864 0.033360463606069854 0.04713260523343692
5 0.23572948325528617 0.960962802899067 0.03008991439185813 0.04382559471009344
5 0.1990471205588391 0.9623201765483558 0.03968323821317572 0.049059126280124585
2 0.7233814946278257 0.8289359270424658 0.08016268899896399 0.04830026308359266
2 0.4790685684491433 0.83849075049411 0.08023546360606985 0.04986276308359265
4 0.4797771596388564 0.555625042587485 0.7734420396991897 0.6808185045558002
1 0.23148509305624915 0.8513525844690981 0.11028683664159918 0.05940436305535783
0 0.7272407028572121 0.7126206823041377 0.19775691149637406 0.16422764192396572
0 0.48709950806727986 0.5489655189099617 0.20629715756743253 0.18030766823232475
5 0.48274584016076505 0.7260817557557819 0.10811221463952717 0.14654034200867017
5 0.23134816005314116 0.7204666055157857 0.11279971463952716 0.14681335779368573
6 0.7388439445850444 0.5304074217807939 0.10059081306795062 0.15233531570031095
6 0.49781233788445345 0.3691415110174539 0.10088191149637407 0.15858531570031092
6 0.23644669065610308 0.5440861160391293 0.10735023531769165 0.16363683674699842
5 0.742870126759583 0.36032243493497357 0.10484166542531544 0.14323333148532652
3 0.2507382847413003 0.371065844992442 0.12915246071058578 0.1633484104104042