6 0.1859375 0.0265625 0.03671875 0.05234375
6 0.3046875 0.028125 0.03203125 0.04921875
6 0.334375 0.02734375 0.028125 0.05390625
6 0.36328125 0.02734375 0.0296875 0.05078125
8 0.4171875 0.02890625 0.05703125 0.0578125
8 0.48671875 0.02890625 0.05546875 0.05390625
0 0.5609375 0.02890625 0.06875 0.0578125
5 0.684375 0.02265625 0.03046875 0.0453125
5 0.71875 0.02265625 0.02890625 0.0421875
5 0.75546875 0.0234375 0.03671875 0.046875
2 0.2359375 0.1265625 0.078125 0.04375
2 0.48046875 0.13125 0.07734375 0.0453125
4 0.49296875 0.41484375 0.74296875 0.63671875
1 0.728125 0.1328125 0.1078125 0.05234375
0 0.2375 0.24296875 0.18984375 0.15390625
0 0.4859375 0.42109375 0.1984375 0.16953125
5 0.48203125 0.24375 0.1015625 0.14140625
5 0.734375 0.2640625 0.10546875 0.13984375
6 0.234375 0.425 0.09453125 0.146875
6 0.48359375 0.60078125 0.09375 0.15234375
6 0.7375 0.440625 0.10078125 0.1578125
5 0.23828125 0.5953125 0.0984375 0.13671875
3 0.73125 0.61328125 0.12109375 0.15546875