6 0.005701747230695711 0.8157647023440384 0.011403494461391422 0.039341904688076926
6 0.008752043759278969 0.6971148318936878 0.017504087518557938 0.03445414558877822
6 0.009879653155446736 0.6673772671188631 0.01975930631089347 0.031529404688076926
6 0.009876331129179378 0.6384710171188631 0.019752662258358755 0.03289164558877822
8 0.01439175175325148 0.5846648966685125 0.02878350350650296 0.06151729333702498
8 0.015021394166106022 0.5151336466685124 0.030042788332212043 0.05965440468807692
0 0.018301863410697134 0.44091489666851247 0.03660372682139427 0.07245479333702498
5 0.014795083107543822 0.31707687846991517 0.029590166215087643 0.03415375693983034
5 0.014873648236406214 0.2827018784699152 0.029747296472812428 0.030828497840531634
5 0.017521153041875428 0.24603319324473985 0.035042306083750856 0.04050388648947969
2 0.08651968114155133 0.772172993521595 0.047844357756487585 0.08092862739018099
2 0.10402252091935751 0.527942132170543 0.049406857756487586 0.08102875693983033
4 0.3882713681603955 0.5336156454318948 0.676478285841762 0.784602856256923
1 0.11856413500742317 0.2803860117201923 0.05877521370395287 0.11121690468807692
0 0.2030078182966811 0.7780701449704694 0.16311523292582972 0.20043769586563354
0 0.39415287596231163 0.541047413630492 0.1791496687014785 0.20925149136212653
5 0.21660440807448725 0.5335889597452941 0.14594766508343388 0.11057415946843889
5 0.25014168362794215 0.2825468938907353 0.14619332654882305 0.11526165946843889
6 0.3848752939864216 0.7928602375046153 0.15178822930778502 0.10316217766703613
6 0.573717545229617 0.554906061840164 0.15803822930778502 0.10356269586563335
6 0.42686795793820165 0.2907365330011086 0.1630532779283042 0.11011308451458142
5 0.5553925118742459 0.7998681084163914 0.14265889077317445 0.10724890036914018
3 0.5991966593176826 0.30805084823735857 0.16263719810012062 0.13188795496493205