1 0.5615827194390459 0.4122301758213349 0.876834561121908 0.756433493207828
5 0.26821269402266656 0.11971651295680999 0.1019025272742681 0.06548290252860856
5 0.29968363314595353 0.4457981516057579 0.13730612943017614 0.17479734577334832
5 0.8731194290793329 0.4232132364341064 0.13678586411904944 0.17010984577334848
5 0.7657083027519463 0.0047348569582862324 0.0468681837335172 0.009469713916572465
5 0.5625543336193944 0.2338245735695815 0.13366086411904982 0.1699095866740498
6 0.27974183361939436 0.2519480220561086 0.1249795512005516 0.17555880937615384
6 0.3251817455910109 0.63299776295681 0.12376559880792329 0.16462130937615385
6 0.6042614173613863 0.6166871383444061 0.12428586411904963 0.16930880937615383
6 0.888373728605892 0.6173637546327038 0.13018902057829856 0.16658432757475108
8 0.585013304916329 0.4290870087947568 0.24441983014881216 0.21734339605020364
8 0.45963172452232187 0.01663573295957864 0.0800275272742681 0.03327146591915728
8 0.5387113962926973 0.015720026605757942 0.08349937081501899 0.031440053211515884
2 0.19027474832600763 0.01964306909376132 0.04617449665201527 0.03928613818752264
6 0.3294239592111954 0.015868424584717208 0.040097918422390764 0.031736849169434415
6 0.36301770921119536 0.014716934763750017 0.03541041842239077 0.029433869527500035
6 0.3960036309815709 0.015278139267256805 0.03888226196314175 0.03055627853451361
0 0.6230863962926974 0.01309162592746326 0.088186870815019 0.02618325185492652
1 0.8511807230935245 0.2326383012089311 0.1468545512005516 0.17696062307124433
3 0.5486805919893563 0.10882457356958149 0.13923080957051326 0.052361141269841614
3 0.8317523726116092 0.10012618985787905 0.144436870815019 0.07131140036914027