1 0.4883928035737005 0.46890378068325944 0.9382508957881412 0.7364520139145266
5 0.23723618500318863 0.14625155338349144 0.10225244218251532 0.06325868676785787
5 0.19447031802807171 0.47184180239490825 0.13829141614550364 0.1720261917107738
5 0.7647016475111601 0.5092064230020555 0.13774352597319978 0.1673386917107738
5 0.7591213439374597 0.05997574414286304 0.04719968206764609 0.05790534190105419
5 0.8002029190810461 0.057724836043917226 0.04334416183790779 0.05152800790866539
5 0.8408279190810461 0.0593801779449714 0.046469161837907794 0.05165534190105418
5 0.5014914451499638 0.2896791957022875 0.1346185259731998 0.16721135771838497
6 0.21867894514996378 0.27815546939110264 0.12597404620293826 0.1730793557412186
6 0.1772422111359181 0.6595328033834914 0.12469563580089597 0.16214185574121878
6 0.4559658310784835 0.6724598622041903 0.1252435259731998 0.1668293557412186
6 0.735805520389268 0.7027017550172779 0.13112826585833054 0.1639590237259963
8 0.4794439379706371 0.48502352920038466 0.2456169074664997 0.21216571345960347
8 0.4526887138800251 0.04905951288876231 0.08037744218251533 0.06236734882113639
8 0.5314123338225905 0.05383719619657908 0.08386770229738456 0.06561968281352518
2 0.1845779190810462 0.032640039543326976 0.04646916183790761 0.051655341901054176
6 0.3235491040523289 0.03908765220462782 0.04040179189534223 0.052963173916276605
6 0.3571428540523289 0.04045649262280724 0.03571429189534223 0.05277217292769345
6 0.38977272399489427 0.04335599954288946 0.03920455201021147 0.05602450692008222
0 0.6157873338225904 0.057275213991076226 0.08855520229738456 0.06581068380210837
1 0.7862012645181831 0.31854958950395834 0.14784904620293826 0.17397069368794008
3 0.5161018497447328 0.1646791957022875 0.13948864160816932 0.04922536167271767
3 0.7970373194001252 0.18554608851537516 0.14480520229738456 0.06810269566510643