1 0.540625 0.446875 0.85703125 0.7015625
5 0.253125 0.1359375 0.0953125 0.05859375
5 0.2484375 0.46171875 0.11796875 0.1671875
5 0.8203125 0.47578125 0.11953125 0.1625
5 0.7625 0.02890625 0.040625 0.05703125
5 0.803125 0.025 0.0375 0.05
5 0.84375 0.025 0.040625 0.05
5 0.5328125 0.26796875 0.115625 0.16328125
6 0.25 0.26796875 0.10703125 0.16875
6 0.253125 0.64921875 0.10703125 0.1578125
6 0.53203125 0.65078125 0.10546875 0.16171875
6 0.8140625 0.66953125 0.11328125 0.15859375
8 0.53359375 0.46328125 0.221875 0.203125
8 0.45625 0.03046875 0.0734375 0.06015625
8 0.53515625 0.03203125 0.0765625 0.06328125
2 0.1875 0.025 0.040625 0.05
6 0.3265625 0.02578125 0.034375 0.0515625
6 0.36015625 0.02578125 0.0296875 0.0515625
6 0.39296875 0.02734375 0.0328125 0.0546875
0 0.61953125 0.03203125 0.08203125 0.06328125
1 0.81953125 0.28515625 0.12734375 0.16796875
3 0.5328125 0.14296875 0.13515625 0.04375
3 0.81484375 0.15234375 0.1375 0.06328125