4 0.52734375 0.41171875 0.825 0.72265625
5 0.2578125 0.10859375 0.090625 0.05234375
5 0.79140625 0.140625 0.096875 0.06484375
5 0.74921875 0.021875 0.03671875 0.04375
5 0.7875 0.02265625 0.0375 0.0453125
5 0.8265625 0.02578125 0.03828125 0.05
6 0.3265625 0.0125 0.03515625 0.025
6 0.3625 0.0140625 0.0328125 0.028125
6 0.39375 0.015625 0.03125 0.03125
6 0.25390625 0.2390625 0.10703125 0.1703125
6 0.52578125 0.43671875 0.1015625 0.165625
6 0.7953125 0.2828125 0.10234375 0.16796875
1 0.25234375 0.43046875 0.12109375 0.159375
5 0.52734375 0.12421875 0.09140625 0.04921875
0 0.52734375 0.25390625 0.2125 0.18828125
0 0.78515625 0.63828125 0.21015625 0.15390625
0 0.6109375 0.0265625 0.08125 0.053125
8 0.45546875 0.0234375 0.07421875 0.046875
8 0.53203125 0.0234375 0.07109375 0.046875
8 0.79453125 0.465625 0.21015625 0.1875
8 0.25625 0.60859375 0.209375 0.178125
2 0.5234375 0.6125 0.1109375 0.1546875