4 0.5585419313379568 0.38130436189909733 0.8797004166153171 0.7626087237981947
5 0.2660412423263302 0.08603807893472272 0.09465057178554286 0.061053660132036856
5 0.8020621753146722 0.0713859248814367 0.10184776514684693 0.07410046427907388
6 0.2720213230349427 0.21684858152662087 0.11915550954776961 0.17960817049962943
6 0.5588738180605652 0.3907188511305103 0.11411281203728052 0.17451056738935158
6 0.8167427497995072 0.21323167228953857 0.11591211037760658 0.17777226842611088
1 0.28496272137991313 0.4083915325633801 0.1339517153566284 0.17003768086722193
5 0.5367564840279604 0.07808215009375101 0.0944137734452168 0.05792866013203683
0 0.5465836151514913 0.207769650093751 0.22670790041956296 0.20609134099925885
0 0.8335223110115952 0.5695889790284736 0.22097811867597628 0.17144293892574042
0 0.6129502858927715 0.0016145607914357317 0.08527557178554286 0.0032291215828714635
8 0.4572447375524454 0.005153736333449474 0.07855197510489073 0.010307472666898947
8 0.5338072375524454 0.0017362104144680673 0.07542697510489074 0.0034724208289361345
8 0.8298142027085811 0.3961125228079182 0.22358290041956294 0.20581793892574032
8 0.3023664767784978 0.586174779971482 0.22287250539858466 0.1964429389257404
2 0.5698499747039054 0.5667051526856491 0.1226590178461393 0.1643932736099071