4 0.4486856259328116 0.6102955686495218 0.8544778192380033 0.7618624925518928
5 0.7058654786710996 0.9259741883752822 0.09278967787060939 0.05734592721213971
5 0.17357690209308468 0.869090410048632 0.09954901384016442 0.07013702564056316
5 0.21092571038231092 0.9835285145776099 0.03928267589344294 0.03294297084478011
5 0.17267629388040812 0.9818557756405631 0.03934634288963736 0.03628844871887367
5 0.1337411278727969 0.9781935243999633 0.04109984387822054 0.04361295120007327
6 0.5661397923975334 0.998129400743007 0.032523339923887916 0.0037411985139858216
6 0.7150879228533313 0.795687374893047 0.11318970258518882 0.17526117328319835
6 0.4512667978719219 0.5853683432566277 0.1083112015966055 0.17035534946188075
6 0.17546434874677433 0.7267209735308674 0.11000103558899425 0.17355312406898663
1 0.7244496298871443 0.6043538995001528 0.128369033611828 0.165051419354257
5 0.4369708986330435 0.8977955686495218 0.09422484387822046 0.0542937018192454
0 0.4422552593171781 0.7681080686495219 0.22014003954332698 0.19739734656639651
0 0.20010484038099835 0.3717252584770554 0.21567803262324475 0.16443929735218496
0 0.3493979613708941 0.9815518686923032 0.0834146778706093 0.036896262615393735
8 0.5047393773785054 0.9883701800029254 0.0769100098858317 0.02325963999414924
8 0.42817687737850535 0.9866235894323847 0.0737850098858317 0.026752821135230677
8 0.1836946373015181 0.5439448608344202 0.21701503954332696 0.19725179735218495
8 0.727801417453305 0.4260469629823881 0.21663303756616054 0.18787679735218496
2 0.4607730849437909 0.4096962551672865 0.11724053262324467 0.15985449710451594