4 0.5198377257425312 0.5070109857584523 0.7936623360439171 0.8075520048717738
6 0.870091029620314 0.24956508265863545 0.07282468775644091 0.10039997579950324
3 0.8508648912558507 0.5105525796335734 0.06434102570316255 0.1222204336450254
0 0.9586827084423255 0.5864696641389204 0.037240014828747545 0.07051248789975162
0 0.6879524198875818 0.7708138896438361 0.1959040434976597 0.2073408430895542
8 0.8313986723590399 0.758263371788051 0.09545837452429887 0.19582156010845858
5 0.7164262242596564 0.5128968505144205 0.17476918973360753 0.11036584913967822
5 0.720999613612703 0.2473082119507389 0.18570668973360754 0.11042948165323567
5 0.2717053373780678 0.7693302203385542 0.16195085475263546 0.10248062626704132
1 0.46926608688377625 0.7705240399149826 0.1795840237259963 0.11351812021691714
8 0.49939789175014243 0.5102541604264873 0.20658687551288218 0.2011544756031114
8 0.30524727962031417 0.2528512474659172 0.19226970752810457 0.1948226623713949
6 0.5022177801146058 0.24936211222188537 0.19482702174882985 0.10423402380771334
6 0.2992068907615592 0.5161052263886784 0.16332235376405224 0.09780221662612085
6 0.974480099278247 0.3137861430616816 0.026273339923887917 0.031395445745273864
6 0.971612425856262 0.3458264834207612 0.029271005931499162 0.028288626463433088
6 0.9712476699247627 0.3739469382412214 0.027581171939110048 0.025154536104353475
8 0.9656396570731814 0.4349026189593806 0.03491351087441501 0.0517533975406721
8 0.9603672252482397 0.506791254498 0.036667011862998325 0.05644998789975162