4 0.5208483218070837 0.5099956268550894 0.820836016904931 0.8406281652481346
6 0.2574696207253126 0.14480280337635393 0.1016001740119445 0.07867257310482607
3 0.5186071424768056 0.1792882675717595 0.12325696846486114 0.07146813597150677
0 0.5925875435029861 0.075947737605142 0.06955008700597229 0.041196769009567945
0 0.7815279826169099 0.3573686915624022 0.21061411094166688 0.2079653070287038
8 0.766481598023889 0.21323714002668037 0.19578658510611113 0.10672498539060057
5 0.5232972553183336 0.3138183077765224 0.11333906743868064 0.1811653143334036
5 0.2578177256830558 0.29371147296682815 0.11359364057694457 0.1921028143334036
5 0.7873136956665283 0.7733873410504949 0.10523562670923621 0.16789011330958897
1 0.785056945382188 0.5759636513576393 0.11657317021222227 0.18616289474292938
8 0.5244461004924309 0.5306182072646152 0.2046186840799308 0.21828264620965215
8 0.2706165049370839 0.7096465533763539 0.19804137575930572 0.2035999853906006
6 0.26369043844833373 0.5125389930692096 0.10756184612402793 0.20085765351435186
6 0.5337886521635422 0.7310833278789038 0.10058449430041669 0.16898749269530028
6 0.3198221907294444 0.044205721874014614 0.03183188145888884 0.02810080409525815
6 0.351889808320625 0.04894654607165421 0.028779616641249995 0.03091572368573233
6 0.37999662452503474 0.05095601975738655 0.025618249050069507 0.029043143276206516
8 0.4410068597073959 0.06012758774313994 0.052326219414791805 0.037928826757175946
8 0.5129364110941668 0.06960318716223371 0.05705008700597212 0.039956447371464664