4 0.51015625 0.459375 0.80234375 0.7609375
6 0.2546875 0.11953125 0.1 0.06875
3 0.515625 0.128125 0.12265625 0.059375
0 0.5921875 0.0171875 0.06953125 0.034375
0 0.775 0.28046875 0.20625 0.18671875
8 0.76328125 0.1375 0.19453125 0.08828125
5 0.5171875 0.2625 0.109375 0.1703125
5 0.2515625 0.26875 0.109375 0.18046875
5 0.77109375 0.696875 0.1015625 0.1578125
1 0.7734375 0.49921875 0.11171875 0.17578125
8 0.51328125 0.4796875 0.19921875 0.1984375
8 0.2546875 0.684375 0.19453125 0.18359375
6 0.25234375 0.4875 0.10390625 0.190625
6 0.51796875 0.6796875 0.09609375 0.159375
6 0.31953125 0.0125 0.03046875 0.025
6 0.3515625 0.0140625 0.028125 0.028125
6 0.3796875 0.01328125 0.02578125 0.0265625
8 0.440625 0.01640625 0.0515625 0.0328125
8 0.5125 0.01875 0.05703125 0.034375