4 0.50625 0.43984375 0.77890625 0.68984375
2 0.19140625 0.01484375 0.0296875 0.02890625
6 0.31796875 0.0171875 0.0359375 0.034375
6 0.3484375 0.0171875 0.03125 0.034375
6 0.384375 0.015625 0.03203125 0.03125
8 0.4359375 0.01875 0.0578125 0.03671875
8 0.51328125 0.02265625 0.0515625 0.03671875
0 0.59140625 0.01953125 0.06796875 0.0390625
5 0.71953125 0.015625 0.03203125 0.03125
5 0.7578125 0.0125 0.0328125 0.025
5 0.79453125 0.01328125 0.0328125 0.0265625
5 0.765625 0.66875 0.10234375 0.14375
5 0.51328125 0.4625 0.10390625 0.16875
5 0.26015625 0.665625 0.103125 0.14921875
6 0.25625 0.471875 0.10625 0.17265625
6 0.5078125 0.1296875 0.1015625 0.06171875
0 0.25078125 0.265625 0.20390625 0.1703125
0 0.7703125 0.28359375 0.21015625 0.1765625
8 0.76171875 0.14375 0.1859375 0.08515625
2 0.25390625 0.12890625 0.0875 0.05625
1 0.51484375 0.6578125 0.10859375 0.14921875
1 0.77109375 0.48125 0.1078125 0.16484375
2 0.5109375 0.2671875 0.10625 0.1703125