4 0.5483731504574996 0.5711495664486297 0.7087360604079173 0.8577008671027407
2 0.9807012200803819 0.3065545012125238 0.02881598423243048 0.032974841033823046
6 0.9754116951947566 0.4328430561263719 0.035211454597153136 0.03995536126356143
6 0.9747025271667358 0.4633118061263719 0.03510235182361114 0.03526786126356143
6 0.975428572569583 0.49943193618380644 0.031977351823611146 0.03490260114869237
8 0.9711034420606246 0.5506291760689372 0.03884560087368065 0.06219562137843067
8 0.9653969962971871 0.6275163509253507 0.038700130508958354 0.05594562137843084
0 0.9667036167381593 0.7060066110402199 0.04066267401194459 0.07331575143586537
5 0.9676277242613536 0.8345881861838066 0.031977351823611146 0.034902601148692015
5 0.96986171827743 0.8732346962986757 0.02576371941479181 0.035734580918953894
5 0.9682258298846869 0.9098621312699585 0.027326219414791807 0.035917210976388246
5 0.31342988032152713 0.804342572176138 0.1461502610179167 0.11992696528398454
5 0.5255532462971871 0.576105989757507 0.1711502610179167 0.12284904620293827
5 0.3283197960684373 0.29923908229100726 0.1524002610179168 0.12065748551372284
6 0.5221607150463887 0.31797895941289933 0.17434799620027802 0.1263393063178075
6 0.8584930328663191 0.6095374419910797 0.06486389342673604 0.10886770229738456
0 0.7285380016155205 0.3366173769942683 0.17504028685347245 0.22303167626037287
0 0.6984770275479855 0.8540483813337703 0.18143575721819474 0.23001219649011126
8 0.8385207992994786 0.8618000214741681 0.0887027433504862 0.19579952310146923
2 0.8651840164331596 0.355722507019797 0.058286585106111136 0.09407468206764609
1 0.33020437870600655 0.5548397325781803 0.152545731382639 0.12690748551372302
1 0.5008025937523952 0.8317269290682917 0.16813436379145835 0.12717128608806902
2 0.7209202976839579 0.5965909969368337 0.17278549620027767 0.1261566762603728