4 0.500268008076042 0.5053549705613491 0.7861611494270866 0.7769890416469878
2 0.8200570808004028 0.8954104838306904 0.030014764003817973 0.03142001363713405
6 0.6934673088000848 0.907113897231104 0.03633748933799978 0.03836370071863584
6 0.6629985588000847 0.9104956217534259 0.031649989337999784 0.037843435407509673
6 0.6270792401336303 0.916046822472062 0.031613626670908876 0.03471843540750967
8 0.5754803774665394 0.9186447408944527 0.05824885200509069 0.04391660550389247
8 0.49809117413267573 0.9233228685280388 0.05199885200509069 0.04322291842239068
0 0.4200025367997666 0.9351189570468126 0.06920453333863605 0.04669305789652114
5 0.2919229901336302 0.9532457922176019 0.031613626670908876 0.03471843540750967
5 0.2536781028007211 0.9606196255918011 0.03310340133672707 0.0286418571778853
5 0.21695026213394836 0.9639137871956247 0.03312158267027261 0.030204357177884944
5 0.23822944271163432 0.30523673444367844 0.10479768268618095 0.15519583684478153
5 0.492973128739633 0.48347911852803876 0.10508858402290802 0.18019583684478152
5 0.7437345553787251 0.25225979172721147 0.10487040802036277 0.16144583684478153
6 0.7498952907383604 0.4455762373012727 0.10824994668999892 0.18366768038553244
6 0.5023145027848127 0.8156846423317246 0.10228975334181775 0.07377241507440609
0 0.7577639767663591 0.6512192611049585 0.2051067653564534 0.19285733014881198
0 0.23802364143058644 0.6909132497548048 0.21142949069063527 0.19980101723031396
8 0.24824462078290374 0.8298031800177398 0.18691929201145402 0.1050121906746817
2 0.7562298434515855 0.7882848546457095 0.08815452800763594 0.06596161914102687
1 0.4891379620464525 0.28834004029841426 0.11112040802036276 0.16213952392628342
1 0.23494245273708766 0.4933437106399925 0.10973972135581711 0.17759110215590787
2 0.49758954543281353 0.6785314858724756 0.10823176535645337 0.18210518038553242