4 0.49383366066780454 0.48497668876891964 0.7708307700544828 0.7628861474344797
2 0.23701846463952717 0.15539410857327485 0.08586903349844599 0.070931866131414
2 0.17371148180303492 0.033720565236249986 0.039537688998963996 0.046153109191583705
2 0.5063465849844601 0.6867394478682183 0.10742300992479734 0.1657832911775566
6 0.24026124276128966 0.29191259947397624 0.10488020678164425 0.1780830320782579
6 0.2593260357702484 0.6677939790236256 0.10502575599585606 0.18120803207825792
6 0.4986132059530748 0.503977012643043 0.10502575599585598 0.18120803207825792
6 0.739028382546042 0.3643787962624604 0.10331770678164424 0.17798290252860854
6 0.2958048056243525 0.04621817010889703 0.035359611248705035 0.05679022054263575
6 0.3279452175350113 0.05061457587670811 0.027765435070022625 0.06097707279438913
6 0.3568878548385642 0.05324822254522056 0.030890435070022627 0.06117733189368779
8 0.4117936786598818 0.0614402567829468 0.06577485731976367 0.07431768198597286
8 0.48058006596343467 0.06662720696751692 0.06741013192686936 0.07598031153562217
0 0.5542722770883053 0.07680204580103503 0.07729455417661057 0.08751858883351811
5 0.6811258755167287 0.09116253932263003 0.03372433664159917 0.05512759099298643
5 0.7147196255167286 0.09331532464009043 0.03372433664159917 0.05512759099298643
5 0.7506207382131758 0.09483705428202481 0.033797111248705033 0.05669009099298641
5 0.4855116226212445 0.18923339219269225 0.08684933664159918 0.058531995681063355
5 0.7298438194780914 0.21735360193798633 0.09746150496239885 0.08569527297895921
1 0.4905159538861602 0.31340207741786763 0.11650691149637407 0.16013406847545256
5 0.2476136321317572 0.4832187199243269 0.1141096575674326 0.17555880937615384
3 0.7456359092200624 0.5564161019379863 0.12711907981717357 0.1872973457733483
1 0.747010126340789 0.7364342689645644 0.11309081306795062 0.15368380937615383