4 0.43287624830305643 0.43267318135047816 0.8001090748357396 0.7499746145539647
2 0.21816565669166693 0.12989074545188603 0.08855394354388872 0.06948205417661044
2 0.17067408496699077 0.018681475600036523 0.04132762902925915 0.03736295120007305
2 0.4183668145611124 0.6340901321362664 0.11394350574944419 0.1640325748547749
6 0.203079315975232 0.26675504466609773 0.11191211404351815 0.17638702564056316
6 0.1717652166346309 0.6424635200589919 0.11218551611703668 0.17951202564056318
6 0.43514208586194536 0.4512412448327135 0.1121855161170366 0.17951202564056318
6 0.6964000890194914 0.28423771960643507 0.11034961404351815 0.1763142510334573
6 0.292138981856713 0.02086680996757869 0.03759703628657398 0.04173361993515738
6 0.3239651803015741 0.02237365198586133 0.03019463939685174 0.04474730397172266
6 0.35280307978319453 0.02212749917368508 0.033319639396851744 0.04425499834737016
8 0.4070804766729167 0.02633232888841479 0.06865154665416658 0.05266465777682958
8 0.47576212615453706 0.02553073118386239 0.07035074769092589 0.05106146236772478
0 0.5487211725258797 0.02939843982753353 0.08068265494824053 0.05879687965506706
5 0.6747368683788426 0.021662964641781766 0.035897835249814845 0.04332592928356353
5 0.7083306183788427 0.0208806376153938 0.035897835249814845 0.0417612752307876
5 0.7443364688972223 0.02004372963367644 0.03603453628657398 0.04008745926735288
5 0.4642498447689355 0.13632472022560765 0.08902283524981466 0.0570548287837163
5 0.7069062364748614 0.13747188151709389 0.1007217528747221 0.08405397642635144
1 0.4526008623465746 0.2605798575291606 0.12277170160240711 0.15821922249741008
5 0.18477093897222313 0.45823406927320354 0.12101371196999966 0.17369867328319835
3 0.6772421114981029 0.4765343815170938 0.13447061922731435 0.18521837014004525
1 0.6544218917524087 0.6573306172490703 0.11909989745537004 0.15182367328319835