4 0.47265625 0.4546875 0.7375 0.715625
2 0.23046875 0.140625 0.0828125 0.065625
2 0.17265625 0.02265625 0.03671875 0.04453125
2 0.47578125 0.65625 0.10078125 0.15859375
6 0.22734375 0.27734375 0.096875 0.17265625
6 0.22890625 0.653125 0.096875 0.17421875
6 0.4765625 0.4734375 0.09609375 0.17421875
6 0.72421875 0.31796875 0.0953125 0.17265625
6 0.29453125 0.02734375 0.0328125 0.0546875
6 0.3265625 0.0296875 0.02578125 0.05859375
6 0.35546875 0.03046875 0.028125 0.06015625
8 0.41015625 0.03515625 0.0625 0.0703125
8 0.47890625 0.0359375 0.0640625 0.071875
0 0.55234375 0.04140625 0.0734375 0.0828125
5 0.67890625 0.04765625 0.03203125 0.05234375
5 0.7125 0.04765625 0.03125 0.05234375
5 0.7484375 0.046875 0.03046875 0.0546875
5 0.478125 0.15859375 0.08515625 0.053125
5 0.721875 0.17109375 0.09296875 0.0796875
1 0.47734375 0.2828125 0.11015625 0.15390625
5 0.22578125 0.46875 0.10546875 0.16953125
3 0.721875 0.51015625 0.11875 0.1796875
1 0.71484375 0.690625 0.10703125 0.146875