4 0.6063463944958528 0.4953516716158348 0.7873072110082944 0.827345345472924
2 0.9095069291321035 0.22281847591811918 0.08246754333120769 0.09271634890464338
3 0.9322342339821397 0.49103727850454393 0.08924514447990006 0.12405727711788864
6 0.949056455839189 0.7499720093042141 0.101887088321622 0.10116534639736088
0 0.7678267340459517 0.22458922756747182 0.21619320804084588 0.2242966210079671
5 0.7922078539247052 0.4935438160472739 0.17215910402042311 0.11401233887551357
3 0.805976148659872 0.7588876712201233 0.1880479045947691 0.13004651583511767
6 0.5636465389597997 0.2281785434817317 0.20340910402042295 0.1149216210079671
8 0.5961141039247051 0.49924956142842036 0.23035716758136893 0.2122512620741938
1 0.6083198986598721 0.7646388807078924 0.18731738436503065 0.12379651583511767
5 0.3669541690172343 0.23546952091618953 0.17564936413529217 0.11722826708875882
6 0.3964793640395744 0.5081939670761235 0.1764813439055537 0.11102373119538136
6 0.4128247686024375 0.7687593940357277 0.17528410402042294 0.11410326708875881