4 0.5505896138883676 0.48223937415328927 0.7437656770491674 0.844245639980205
2 0.8746863030022916 0.20229408808438482 0.0739843202884721 0.0943918091359686
3 0.8598555111148258 0.4707132174375984 0.07783667211208325 0.1258055834462281
6 0.8421179247744439 0.7299211211010717 0.09604115824437506 0.10335072930778502
0 0.7333346043890623 0.20736112562362735 0.19571646276527802 0.22874023292582973
5 0.7200481287060064 0.4764796178217113 0.16192073138263902 0.11772748982323478
3 0.6966963220009021 0.7422241265281386 0.17634690729444458 0.1340894742194024
6 0.5294829057758331 0.21570364936805997 0.19317073138263902 0.11936523292582972
8 0.5239543787060065 0.48675645579049515 0.2110505220358334 0.21705910447712728
1 0.49904007200090217 0.7525828516520521 0.1762014369297223 0.1278394742194024
5 0.33257153818465257 0.2275839309144087 0.16511846656500015 0.1210162641334942
6 0.3238816435236454 0.5003630116471033 0.16653549620027785 0.11484815128862387
6 0.3037639395920827 0.7612562460432711 0.165045731382639 0.1178912641334943
2 0.9862427052627429 0.1363647936477373 0.019477351823611145 0.03223264586155703
6 0.9785366951947566 0.26629795511312654 0.02888871941479181 0.034286468792335524
6 0.9800803581887845 0.30055012438043194 0.02412848423243048 0.03091580732694634
6 0.977772322569583 0.3326632615355617 0.027289851823611145 0.032642081637205854
8 0.9717937730826731 0.38837767300095094 0.03582970364722229 0.06430151741285454
8 0.9692668787060065 0.4634186165785158 0.039027438829583615 0.06759029172311415
0 0.964268947760208 0.5440511408887753 0.0453865416031249 0.07260534034363317
5 0.9651385038966314 0.674315173000951 0.031977351823611146 0.032887743102595124
5 0.9642838655038883 0.711033923000951 0.03510235182361114 0.033051517412854635
5 0.9642286609067355 0.746930479423386 0.03521145459715278 0.03773901741285464