4 0.51171875 0.4375 0.80703125 0.72578125
2 0.2484375 0.11953125 0.090625 0.07265625
3 0.51640625 0.128125 0.12265625 0.07421875
6 0.775 0.13984375 0.0984375 0.09375
0 0.24609375 0.2609375 0.21953125 0.19140625
5 0.51484375 0.26796875 0.10859375 0.159375
3 0.7796875 0.28515625 0.12421875 0.1734375
6 0.24375 0.46484375 0.10859375 0.190625
8 0.51484375 0.4640625 0.20546875 0.20546875
1 0.7796875 0.4828125 0.11796875 0.1734375
5 0.2453125 0.66171875 0.11328125 0.16328125
6 0.51796875 0.6640625 0.10546875 0.1640625
6 0.778125 0.678125 0.109375 0.16328125
2 0.18828125 0.009375 0.03125 0.01875
6 0.31796875 0.0140625 0.0328125 0.028125
6 0.35234375 0.01171875 0.0296875 0.0234375
6 0.384375 0.01328125 0.03125 0.0265625
8 0.43984375 0.01796875 0.06171875 0.03515625
8 0.51484375 0.01875 0.06640625 0.03671875
0 0.5953125 0.021875 0.0703125 0.04296875
5 0.72578125 0.01796875 0.03046875 0.03125
5 0.7625 0.01796875 0.03203125 0.03515625
5 0.7984375 0.0171875 0.0359375 0.03359375