4 0.44798611769804697 0.48937010108060985 0.7549436079489285 0.8461756949048256
6 0.13087688961543953 0.7425198606144388 0.07372960064862313 0.1087599303072194
6 0.4777145280064724 0.4880630614248961 0.17992505357072233 0.10934526206571746
6 0.47290074838173746 0.7638443114248962 0.1799796006486231 0.11247026206571764
6 0.303499326705931 0.21306551750801317 0.17992505357072242 0.10934526206571756
6 0.014632785513591701 0.6686780781303011 0.029265571027183402 0.03579365626060227
6 0.014905520903095099 0.6358655781303011 0.029811041806190198 0.032668656260602266
6 0.015191893062073669 0.603107641832632 0.030383786124147338 0.03255952885594056
5 0.2643615454596382 0.7534350571637269 0.1644909683433748 0.11973712504240908
5 0.13632191477594766 0.4753596424656042 0.06879663879807003 0.09453373920022692
5 0.1548709119332786 0.2188194657865819 0.07680005357072242 0.10574405771188111
5 0.02563431250082382 0.2588219284931208 0.05126862500164764 0.03623016587924912
5 0.026742844968227902 0.21978671034428626 0.053485689936455805 0.03315972958157989
5 0.02785137743563198 0.18387649219545169 0.05570275487126396 0.03633929328391079
8 0.02213054992056975 0.5454588329396246 0.0442610998411395 0.07529266587924913
8 0.024320341316427574 0.4705133966419554 0.04864068263285515 0.06915179328391083
8 0.2784957780064725 0.48110618937771205 0.19425238068039521 0.2144692716843645
0 0.6689944983817375 0.7706920560674186 0.19449784253094826 0.2285317716843643
0 0.028181726868086752 0.39171627404661713 0.056363453736173505 0.08030754809323426
2 0.6698747544675221 0.4963368968115914 0.17696369480442442 0.11861113466105593
1 0.6940425060890799 0.2313939430907271 0.1582682418823252 0.12108137023308566
3 0.504280576705931 0.22007695325752813 0.19286143019392785 0.1347817716843644
2 0.010341841723464666 0.8037252007256395 0.02068368344692933 0.03870040145127902