4 0.5398380191338229 0.41018175061213064 0.8418624865391509 0.8123930442986096
6 0.26668269780928666 0.12078422582444495 0.10834134890464338 0.08117067049962942
6 0.5430455871596538 0.4396641990569917 0.10830790815498563 0.1871472684261109
6 0.2672643371596538 0.46379193204500047 0.11143290815498563 0.18742067049962935
6 0.8065899469513568 0.2372453707343997 0.10830790815498545 0.1871472684261109
6 0.3326222833860949 0.00653987054650493 0.03555706677218975 0.01307974109300986
6 0.36543478338609486 0.005036159142153112 0.03243206677218975 0.010072318284306225
6 0.39829274749271754 0.0036007982561809234 0.0323411385589444 0.007201596512361847
5 0.2643198789255259 0.25492477997148194 0.11879076708875883 0.17247917568342572
5 0.533892929862598 0.09818959853861213 0.09414245658477541 0.0752528611687961
5 0.7913333568222022 0.08976477799171448 0.10530727711788863 0.0840222684261109
8 0.4562416398125856 0.00824456107425966 0.07498327962517112 0.01648912214851932
8 0.5312871039192083 0.0063895351552782555 0.06882420783841656 0.012779070310556511
8 0.5372489135652619 0.24044544905699175 0.2133591210079672 0.2088062378889811
0 0.2729700825408003 0.6598856820450004 0.2274216210079671 0.21003654721981455
0 0.6102842821324537 0.006302060791435732 0.07994356426490726 0.012604121582871464
2 0.5470751722742436 0.631988400093751 0.11759197994174038 0.1848424746466666
1 0.813268473607027 0.6282804738446774 0.12017141066226814 0.16636587672018505
3 0.8124320846523713 0.4380266207343997 0.1336716210079672 0.201834485014259
2 0.19737510517284948 0.009395540904722393 0.03850021034569897 0.018791081809444787