4 0.5265625 0.45625 0.8203125 0.73984375
6 0.2625 0.14375 0.10625 0.07265625
6 0.52890625 0.4859375 0.10390625 0.17890625
6 0.253125 0.4859375 0.10625 0.17890625
6 0.79765625 0.30703125 0.10234375 0.17890625
6 0.33203125 0.0203125 0.034375 0.040625
6 0.36484375 0.0203125 0.03125 0.040625
6 0.39765625 0.021875 0.03125 0.03828125
5 0.25625 0.27734375 0.1140625 0.16328125
5 0.5296875 0.14453125 0.0921875 0.0671875
5 0.78671875 0.15859375 0.103125 0.075
5 0.7421875 0.02890625 0.03515625 0.053125
5 0.78125 0.0296875 0.03203125 0.0546875
5 0.8171875 0.03046875 0.034375 0.05625
8 0.45546875 0.0265625 0.0734375 0.053125
8 0.53046875 0.028125 0.0671875 0.05625
8 0.52890625 0.28671875 0.2078125 0.190625
0 0.253125 0.68203125 0.221875 0.18984375
0 0.609375 0.03125 0.07734375 0.06171875
2 0.52734375 0.678125 0.11171875 0.17421875
1 0.79296875 0.69765625 0.115625 0.15546875
3 0.79765625 0.5078125 0.128125 0.190625
2 0.196875 0.0171875 0.0375 0.03359375