4 0.51484375 0.40234375 0.8203125 0.65390625
2 0.1984375 0.01796875 0.0453125 0.0359375
6 0.35234375 0.0203125 0.03828125 0.040625
6 0.38359375 0.01875 0.034375 0.0375
6 0.41796875 0.01796875 0.03671875 0.0359375
8 0.4890625 0.0203125 0.0703125 0.040625
8 0.559375 0.01953125 0.059375 0.0390625
0 0.640625 0.0171875 0.07578125 0.034375
2 0.240625 0.1203125 0.10625 0.07265625
2 0.50078125 0.109375 0.10234375 0.06796875
6 0.77421875 0.10703125 0.0984375 0.06328125
0 0.2375 0.2546875 0.22109375 0.16796875
0 0.509375 0.42265625 0.2140625 0.18828125
0 0.78359375 0.41953125 0.21796875 0.18203125
5 0.5078125 0.2390625 0.10625 0.1375
8 0.77734375 0.234375 0.19921875 0.1765625
6 0.23671875 0.44609375 0.10390625 0.171875
6 0.51015625 0.60859375 0.10234375 0.15625
1 0.78046875 0.6140625 0.11484375 0.1578125
5 0.24296875 0.63359375 0.11328125 0.14765625