4 0.37408661625089085 0.5132908657428967 0.7009027623777209 0.8659834490506052
6 0.001997691088540375 0.6490766383676025 0.00399538217708075 0.040340776735204996
6 0.0012997410744229412 0.6177173777239409 0.0025994821488458824 0.036997255447881724
6 0.0015650515836492054 0.58328774740211 0.0031301031672984108 0.040012994804219916
8 0.006456948910460979 0.5123578883676025 0.012913897820921958 0.073153276735205
8 0.007564058090151847 0.4419907580457717 0.015128116180303694 0.062106516091543364
0 0.007813958047799547 0.3605768670802791 0.015627916095599093 0.0774037341605582
2 0.07608394282748135 0.7677880695619536 0.07806335779368574 0.11127598960843983
2 0.08029881889584423 0.5068669950563215 0.07475634727034204 0.10793246832111639
6 0.0938809896884178 0.23326560409082883 0.06823333148532651 0.1028079257464694
0 0.21027693230413766 0.7803094849168628 0.18167274715740253 0.23367514951546725
0 0.39408059783503935 0.5201800041104994 0.1999677208490434 0.2271737772394083
0 0.40692702125844893 0.24574273282317582 0.1939907366340588 0.2314242346647612
5 0.21039584257336755 0.5089043784802454 0.14368835779368574 0.11586493664223277
8 0.2214067502117615 0.23904534654926027 0.1882111734939967 0.21234645273377603
6 0.4016376796733018 0.7944751637654253 0.17788134727034208 0.11514367080279087
6 0.5800636004658754 0.5324007707062458 0.16225634727034208 0.11405106436617345
1 0.6012762607351052 0.26247068295906184 0.1645468893637169 0.12666032500983526
5 0.5895017007199892 0.8013364410048336 0.15342737884037305 0.12277050050420293