4 0.36117230011777784 0.5274442821576745 0.7223446002355557 0.8889587036578949
8 0.0015550636661578019 0.44267781709503273 0.0031101273323156037 0.06348063419006547
0 0.003107293213796605 0.36118147904362885 0.00621458642759321 0.07861295808725766
2 0.05387579613500145 0.7720203533054016 0.08117067049962942 0.1138043669097204
2 0.06569901875541763 0.5107145257321835 0.07777226842611092 0.11035091617451513
6 0.08727795018828748 0.23703068768077942 0.07111216531583313 0.10500651470410478
0 0.18797739406148295 0.789268734919227 0.18816154721981443 0.23961133970108292
0 0.3797321244575935 0.5350479619365085 0.20622804203601808 0.23376954411231435
0 0.40059815640884294 0.26050076120130333 0.20038814514629594 0.2378001426419039
5 0.1960016734208343 0.5173139812432008 0.14679567049962944 0.12070183234903045
8 0.21489510226180597 0.24729005514039293 0.1940602327051848 0.218557466539096
6 0.37931529354310334 0.8101675924505478 0.1808972684261109 0.12118979043628819
6 0.5657379749759731 0.5538095306812203 0.1652722684261109 0.11954753676026186
1 0.5948560043353245 0.28407181946782945 0.16792837672018485 0.1322117621278645
5 0.5673620976901403 0.8236246365628622 0.15671747464666658 0.12793718455464606