4 0.3677441841937691 0.4823866660447923 0.7195466123905849 0.8775041423559771
6 0.062215721960154236 0.7549196047526354 0.07612648801421237 0.11380251482874755
2 0.07025503053029594 0.48200868676785785 0.08410276232447189 0.11724584980971961
5 0.07537405698826202 0.20506418479069155 0.06025582654882313 0.10847834486680367
5 0.19087631049476497 0.7648596319386728 0.15754026232447194 0.12023819863085591
5 0.21264724841812033 0.4838961334215475 0.1433958751693421 0.11810269566510652
6 0.20563476707417028 0.19941104547482602 0.16494332654882315 0.11274403361182794
6 0.3847081976498947 0.7711918394667773 0.18541960085908266 0.11669670456235508
6 0.5964866598835096 0.4948388809872705 0.16173643939369348 0.11105419961943923
1 0.4027366598835096 0.4869441734591661 0.17513719810012063 0.12875103558899426
8 0.39403884780686493 0.2047391685162502 0.20143410447712728 0.21401737353571573
0 0.5876250734966053 0.21575887604435479 0.20241675033868417 0.23276737353571572
2 0.5777588348050244 0.7774922134967847 0.1748096494796016 0.12250103558899425