4 0.53359375 0.3921875 0.85 0.67578125
6 0.24921875 0.1015625 0.11171875 0.0703125
2 0.521875 0.0953125 0.1140625 0.078125
5 0.7984375 0.0859375 0.10546875 0.0546875
5 0.24453125 0.23046875 0.1140625 0.1515625
5 0.52578125 0.2375 0.1125 0.13671875
6 0.809375 0.215625 0.10625 0.16015625
6 0.24609375 0.42421875 0.11015625 0.1796875
6 0.53046875 0.62109375 0.1046875 0.15625
1 0.53046875 0.42734375 0.12109375 0.16953125
8 0.81171875 0.40390625 0.20703125 0.18984375
0 0.80859375 0.59765625 0.22421875 0.19140625
2 0.24765625 0.6171875 0.11484375 0.16953125