4 0.4166308158062309 0.44298992141664917 0.7195466123905849 0.8859798428332983
6 0.14090927803984576 0.7407036366904111 0.07612648801421237 0.11791430921433096
2 0.12036996946970406 0.4686675475094626 0.08410276232447189 0.12181451023814524
5 0.09650094301173799 0.19303528873804007 0.06025582654882311 0.1116764071667018
5 0.27006118950523506 0.7326003197974711 0.15754026232447185 0.129101399862002
5 0.26235275158187965 0.450652638876038 0.1433958751693421 0.1261435380191358
6 0.22561523292582972 0.16922945174271875 0.16494332654882315 0.12206410088581658
6 0.46372930235010534 0.7118128344068706 0.18541960085908257 0.12720462354773437
6 0.6457008401164904 0.4079027686067443 0.16173643939369348 0.12019152047629085
1 0.4519508401164904 0.42712775399734476 0.17513719810012063 0.13861934211439397
8 0.4137736521931351 0.14820335706878837 0.20143410447712728 0.22516490498107475
0 0.6076874265033947 0.13210337167818784 0.20241675033868417 0.24391490498107476
2 0.6566161651949756 0.6911028691186514 0.1748096494796016 0.13236934211439397