4 0.51796875 0.39921875 0.79921875 0.71953125
6 0.25078125 0.11953125 0.10234375 0.08359375
6 0.24609375 0.44765625 0.10546875 0.17890625
6 0.509375 0.1015625 0.09921875 0.065625
6 0.77734375 0.225 0.103125 0.16171875
6 0.3578125 0.0140625 0.034375 0.028125
6 0.390625 0.01484375 0.02890625 0.0296875
6 0.425 0.01484375 0.03671875 0.0296875
2 0.209375 0.015625 0.04140625 0.03125
8 0.4875 0.01484375 0.0703125 0.0296875
8 0.5609375 0.0140625 0.06171875 0.028125
0 0.64140625 0.0109375 0.075 0.021875
5 0.24609375 0.25546875 0.11171875 0.1515625
5 0.5125 0.41484375 0.10703125 0.16796875
2 0.5109375 0.2234375 0.1078125 0.1546875
8 0.2484375 0.646875 0.2046875 0.19921875
8 0.5125 0.61875 0.203125 0.203125
8 0.78046875 0.41328125 0.20859375 0.20546875
5 0.76640625 0.09453125 0.1015625 0.0546875
0 0.78125 0.6125 0.2171875 0.19609375