4 0.570613005755782 0.51796875 0.7653446939759867 0.8
6 0.8658624055016683 0.25078125 0.0903813472703419 0.103125
6 0.5380104212866839 0.24609375 0.18431335779368574 0.10625
6 0.8687697846949771 0.509375 0.07144933674699842 0.1
6 0.7297248823182552 0.77734375 0.16850634727034192 0.103125
6 0.9650972950771465 0.3578125 0.030127115756780398 0.034375
6 0.9624049345820378 0.390625 0.03132559471009344 0.028125
6 0.960402818825257 0.425 0.03187162628012423 0.0375
2 0.9721802949359721 0.209375 0.03361613680346807 0.040625
8 0.956762608358383 0.4875 0.033782736775233246 0.0703125
8 0.9532666110598061 0.5609375 0.03176521046687384 0.0625
0 0.9517048400837058 0.64140625 0.026243252560248464 0.075
5 0.7301979212866838 0.24609375 0.15811487884037306 0.1125
5 0.5553065241716335 0.5125 0.17493835779368574 0.10625
2 0.7468037794333053 0.5109375 0.16096686305535748 0.1078125
8 0.338655163394176 0.2484375 0.21192168927901225 0.2046875
8 0.3514002741716335 0.5125 0.21495568401734033 0.203125
8 0.5412616217949113 0.78046875 0.21844470506402783 0.209375
5 0.860830669149958 0.76640625 0.060602842008670166 0.1015625
0 0.3419973691640754 0.78125 0.20952473137238706 0.2171875