4 0.5202913367448423 0.429386994244218 0.8041815651766241 0.7653446939759867
6 0.2514766624695908 0.1341375944983318 0.10361587939029934 0.09038134727034204
6 0.24869813787631045 0.4619895787133162 0.10728630093507636 0.18431335779368574
6 0.5099658733401752 0.1312302153050228 0.10038179508134401 0.07144933674699834
6 0.7786527617074649 0.2702751176817449 0.10407039734428025 0.16850634727034208
6 0.3578943132317166 0.03490270492285343 0.03453862646343318 0.030127115756780686
6 0.39071135841125637 0.03759506541796227 0.028297716822512697 0.03132559471009329
6 0.42508635841125636 0.039597181174742944 0.0376727168225127 0.03187162628012439
2 0.2094659035907962 0.027819705064027773 0.040806807181592394 0.033616136803468075
8 0.48758635841125636 0.043237391641616905 0.0704852168225127 0.033782736775233205
8 0.5610193132317166 0.04673338894019381 0.06266362646343318 0.03176521046687396
0 0.6414698825135574 0.04829515991629404 0.07512726502711473 0.026243252560248752
5 0.2475800237095175 0.26980207871331624 0.11338176483072289 0.15811487884037315
5 0.5149134903356385 0.4446934758283665 0.1072317587805987 0.17493835779368574
2 0.5122374213483853 0.25319622056669466 0.10871244554888211 0.16096686305535757
8 0.2522009086589617 0.661344836605824 0.2058510659621911 0.21192168927901225
8 0.5160997821955287 0.6485997258283664 0.20430674668035032 0.21495568401734033
8 0.7828731499765589 0.4587383782050886 0.21057492739850953 0.21844470506402783
5 0.7669562167243169 0.13916933085004196 0.10188066256778665 0.060602842008670166
0 0.7848134207592101 0.6580026308359246 0.21833288524403188 0.20952473137238706