4 0.52578125 0.378125 0.846875 0.659375
6 0.24765625 0.09453125 0.1109375 0.06640625
6 0.52421875 0.2171875 0.10625 0.13671875
6 0.80390625 0.58671875 0.10390625 0.1609375
3 0.78984375 0.0890625 0.12890625 0.07109375
8 0.5203125 0.09921875 0.1984375 0.06640625
5 0.2453125 0.221875 0.115625 0.140625
5 0.5265625 0.58203125 0.11328125 0.1484375
5 0.8078125 0.396875 0.11640625 0.1484375
2 0.52578125 0.390625 0.1109375 0.16484375
6 0.24453125 0.40390625 0.1140625 0.1625
1 0.803125 0.21796875 0.11875 0.13515625
0 0.24453125 0.58828125 0.2328125 0.18046875