4 0.3512375877764574 0.4610143340359329 0.7024751755529148 0.8699008823836213
6 0.027049618024615855 0.7490426460089832 0.05409923604923171 0.1132291754978958
6 0.16718087556500236 0.46819689537601106 0.1486673249969781 0.11105160580511537
6 0.5661084663658713 0.17560507977476364 0.1717763742617729 0.10874506134007814
3 0.06697418805744768 0.20704611896714123 0.08534148014341478 0.1306349303072194
8 0.048801562145995826 0.47622270490199065 0.08648162168553267 0.20072917549789598
5 0.1425541474479348 0.7469394542690184 0.1527776772025938 0.12053573320977709
5 0.5322709636164064 0.4531125208817562 0.1602617264673885 0.11768355172143127
5 0.3766752797848778 0.17832831960796264 0.16059017720259386 0.12080855172143128
2 0.340782600932605 0.46057782441728606 0.17728500109978595 0.11672125244707061
6 0.3245032847641335 0.7413640329474738 0.17448845183499112 0.11973712504240908
1 0.19727635368206994 0.1892633635248456 0.14685612793779912 0.12344247840045357
0 0.5088782847641335 0.7349255160724327 0.20571957977279035 0.23914188947037934