4 0.4452544563718687 0.6480177365151492 0.8775858841986718 0.7039645269697017
6 0.7101708651821557 0.9624779504334959 0.1139940334984459 0.07403134108157446
6 0.43932117183996544 0.8188650473146408 0.11265416542531544 0.14555114357108573
6 0.17684486642050073 0.4281403458554595 0.1121832845319033 0.16887024440092252
3 0.16772865405728515 0.9268621883869269 0.13147263192686945 0.0815837319533678
8 0.4377329390034732 0.9371297952400482 0.20149403349844608 0.08066169461070416
5 0.718445745661283 0.8353117991887405 0.12217471463952716 0.1493865385920639
5 0.4539702925991832 0.45384369855939627 0.11941358767505647 0.15696224025173766
5 0.16409650165713904 0.617688097930052 0.12253858767505647 0.15719903859206372
2 0.44583665322871563 0.6453091481444778 0.11865160835322079 0.1740313410815748
6 0.7277052373891154 0.6533397487738221 0.12163105913900907 0.17114313942190088
1 0.16045130914351838 0.7969495454405411 0.1250086162111037 0.1433733369323898
0 0.7362926410276065 0.46896474877382205 0.24125435442427942 0.19889147635429047