4 0.53125 0.4 0.82421875 0.66328125
2 0.259375 0.12109375 0.11484375 0.07734375
2 0.21640625 0.021875 0.05 0.04375
2 0.5296875 0.59921875 0.11328125 0.16640625
6 0.52734375 0.41484375 0.1078125 0.16328125
6 0.25234375 0.43984375 0.10859375 0.1703125
6 0.7859375 0.1234375 0.1015625 0.071875
6 0.36875 0.02578125 0.0421875 0.05078125
6 0.403125 0.02265625 0.0328125 0.0453125
6 0.43984375 0.02421875 0.0390625 0.0484375
8 0.5109375 0.0234375 0.075 0.046875
8 0.5828125 0.02421875 0.071875 0.0484375
0 0.6625 0.02265625 0.078125 0.0453125
5 0.80546875 0.0234375 0.0453125 0.046875
5 0.8484375 0.02421875 0.040625 0.0484375
5 0.25390625 0.62578125 0.11640625 0.15625
5 0.79921875 0.60703125 0.1171875 0.1546875
1 0.80234375 0.4203125 0.12421875 0.15234375
3 0.79765625 0.2421875 0.13359375 0.1578125
0 0.5265625 0.234375 0.2171875 0.1734375
0 0.253125 0.2546875 0.221875 0.17890625
5 0.5203125 0.11484375 0.10859375 0.0546875