4 0.581448341207509 0.5556981265386464 0.6913096348306919 0.851994806386422
2 0.869848675413078 0.29518768535934525 0.0821627139724832 0.11880834980971962
2 0.9705679272271764 0.25626178961768903 0.04549603847458741 0.051782675893442945
2 0.38228415490983986 0.5460180845238615 0.16955358656782157 0.1192487015966055
6 0.5667410004633362 0.5511870400747997 0.166264895460829 0.11443386760421674
6 0.5513442120735668 0.27516836813568935 0.17413195916315977 0.11631470258518864
6 0.8491169577275794 0.8216546848650536 0.07542164065150558 0.1044911818249421
6 0.961341716249918 0.4084463721272031 0.05147321996293321 0.044224843878220454
6 0.9632663147986392 0.44294870611959186 0.0464583377489479 0.03465884288963732
6 0.960421567793864 0.47960378912339746 0.049801592558271324 0.04103617688202608
8 0.9587201693378102 0.5507293726214947 0.04949405771188111 0.0769100098858317
8 0.9554289890305906 0.6225725391233975 0.05094743030721958 0.07384867688202608
0 0.9542087402117172 0.7023237061195918 0.04804068511654265 0.07997134288963732
5 0.9484349114484438 0.8452606226214947 0.04845734736759475 0.047222509885831696
5 0.9461531596343452 0.8881975391233976 0.049856156260602094 0.0425986768820259
5 0.3653521483712359 0.26915449558855675 0.1602877139724833 0.12199169961943915
5 0.3650594162577673 0.8152309995428894 0.15877977767481424 0.12349053262324503
1 0.5516690388531055 0.8259642055881192 0.15749009618646853 0.13123936562705046
3 0.7299577299600981 0.82853474315428 0.16250497840045347 0.14080536661563342
0 0.7472370323145017 0.5577593281352519 0.1810218546239888 0.22425453657757757
0 0.7364731802224014 0.28349415718472476 0.18587304573098146 0.2291330375661606
5 0.8669865371238249 0.5563798533441228 0.058506959163160135 0.11160334486680376