4 0.5876350189986107 0.56619602048199 0.681702088143334 0.863586230948864
2 0.8728692298640276 0.31056545969041516 0.0808162017473613 0.12017526308359247
2 0.973088088621493 0.2733755438065775 0.04491376291777769 0.05254814732681172
2 0.38845263658979123 0.5530303496188292 0.16824346656500017 0.1221465577372161
6 0.572882187976562 0.5614252204961074 0.16500936379145834 0.11727704721387226
6 0.55428288402434 0.28496913630935794 0.172858231382639 0.1192945735222315
6 0.8582696016361797 0.8369914517979072 0.07423889342673604 0.10574874203690499
6 0.9656359984813886 0.4254917806523979 0.05098192496187508 0.04509966837349921
6 0.9679609114754164 0.46004879117574154 0.04607621941479181 0.03545165258848364
6 0.9655437730826734 0.49667653591406974 0.04934668977951375 0.0418836631118273
8 0.9646702976839577 0.5678157885449057 0.04862064437666689 0.07773015785015538
8 0.9622161384896522 0.6396452859140698 0.05011040919430556 0.0746961631118273
0 0.9619238913394439 0.7194237911757415 0.04713087955902786 0.08076415258848364
5 0.9578150067464228 0.8623470385449057 0.047929660144236406 0.04804265785015538
5 0.9560336479889576 0.9052702859140698 0.049383057370694414 0.043446163111827474
5 0.3683090164331595 0.27570201017040785 0.1589412017473612 0.12472552616718495
5 0.37436672711114516 0.82210657331047 0.1574150693385418 0.1261970209055132
1 0.561012741928784 0.836106702080256 0.15603440729444457 0.1339185156438411
3 0.7392468447023257 0.8417938019108469 0.16094011284152784 0.1435665314288567
0 0.7533691217721523 0.5711550782192061 0.17849259517409735 0.22728908404557516
0 0.7394209502287499 0.296534509817472 0.18328919794763898 0.23224959983059074
5 0.8730458421368745 0.5718669807371025 0.05723323138263865 0.11256018415851479