4 0.6161358363234752 0.5648357742202877 0.758881862349486 0.8703284515594245
6 0.9088568734375269 0.29579252182319193 0.09092737884037305 0.11593801779449713
2 0.9234023047534443 0.5722913548269976 0.08440436305535784 0.11099584980971962
3 0.932251472915182 0.8446611033441227 0.07768392619541978 0.12942751482874754
5 0.7836293602833473 0.2867929121276406 0.1535183841020448 0.12004719764227278
5 0.7885190705384597 0.5714716596561826 0.1594953683170294 0.1156143656270503
5 0.6332070281627363 0.8488432900747996 0.16941639988706053 0.12537136760421674
1 0.812530507116049 0.8499149946371546 0.14763240514873247 0.1260425296574951
6 0.5883623629141832 0.27961578760334166 0.18008088410204515 0.12112953657757738
6 0.4073145731692957 0.5567181625847512 0.17181335779368573 0.1129987015966055
6 0.42833751763939265 0.8373779135733344 0.17815436305535748 0.11481586958138301
2 0.3906606102833473 0.27078066258475114 0.17254139988706055 0.1254987015966055
2 0.9932560828007444 0.2597687915948554 0.013487834398511112 0.04476867193911023
6 0.9971388524614266 0.4183307080967582 0.00572229507714681 0.04170733893530461
6 0.9982991695477427 0.45504945809675823 0.003401660904514614 0.0354573389353046
6 0.9953484747952972 0.48926529060627216 0.0093030504094056 0.038900673916276676
8 0.9969865695053904 0.5627027906062722 0.006026860989219074 0.07327567391627668
8 0.9970317076242765 0.6399510401119807 0.005936584751447071 0.06409167490485963
0 0.999170331273565 0.7196385401119807 0.0016593374528699912 0.07659167490485963