4 0.49213595156884604 0.5365854180276377 0.8955589450904411 0.8002760999758249
6 0.7978991023994118 0.8159071757563584 0.11790699568106326 0.0961992264673885
2 0.5212364728497624 0.843412565822022 0.1128189774824662 0.08945655036458078
3 0.2481296398763404 0.8650386424686791 0.12950582973421945 0.08345052940820956
5 0.793794988427466 0.6904966123373517 0.12347467766703613 0.15886345183499131
5 0.5078877668050961 0.7087489919248299 0.11918769586563335 0.16462077573218323
5 0.21249851634367073 0.5667630088285066 0.12926360271317874 0.17654362793779904
1 0.2302634145533427 0.7457936073580961 0.1293241594684389 0.15327035330540167
6 0.7804975447213008 0.49526622502115314 0.12517688001107458 0.1854259518349913
6 0.48267490669066176 0.32758110460863116 0.11686373226282801 0.17679232499697814
6 0.20250654533960968 0.3617470580933014 0.11882675046142532 0.18320655036458078
2 0.7686124066906618 0.29752786233735184 0.129363732262828 0.17810612793779904
2 0.843750625378371 0.9054694288824916 0.045352072794389284 0.029598310292873364
6 0.6851068106035463 0.9213570536941574 0.04232720234403846 0.0308323595576681
6 0.6483880606035463 0.9252163498328191 0.03607720234403846 0.030175458087257568
6 0.6137627367294229 0.9249230579200767 0.039702850092285046 0.03831640882246283
8 0.540325236729423 0.9326416501973999 0.07407785009228504 0.04192936690972075
8 0.462831292404949 0.9384270558937295 0.06500323874123311 0.045631514704104606
0 0.383143792404949 0.9468025496414629 0.07750323874123302 0.04694531764492567
5 0.23573786627907228 0.9662280968799106 0.04419009099298643 0.03568408492527055
5 0.188612542404949 0.9672486079079892 0.04312823874123302 0.0433323595576681