4 0.5453125 0.415625 0.85 0.71015625
6 0.259375 0.10625 0.1125 0.084375
2 0.5359375 0.1078125 0.1078125 0.07734375
3 0.80859375 0.11484375 0.12578125 0.0703125
5 0.25546875 0.23125 0.1140625 0.14609375
5 0.540625 0.24296875 0.11015625 0.153125
5 0.825 0.41484375 0.11796875 0.16328125
1 0.81875 0.23515625 0.11953125 0.13984375
6 0.25625 0.4265625 0.1140625 0.1734375
6 0.54140625 0.62421875 0.10546875 0.16484375
6 0.821875 0.61953125 0.1078125 0.171875
2 0.25546875 0.62421875 0.11953125 0.16484375
2 0.21953125 0.0125 0.04375 0.025
6 0.378125 0.01328125 0.040625 0.0265625
6 0.41484375 0.01328125 0.03359375 0.0265625
6 0.44921875 0.0171875 0.03671875 0.03359375
8 0.52265625 0.0171875 0.071875 0.03359375
8 0.6 0.01953125 0.0625 0.0390625
0 0.6796875 0.01953125 0.07578125 0.0390625
5 0.82734375 0.015625 0.0421875 0.03125
5 0.87421875 0.01953125 0.040625 0.0390625