5 0.1648650621766909 0.7751018193127339 0.10256309576674391 0.12506195499752568
6 0.14063756398840863 0.48344990784734465 0.07991289474292933 0.11610303482570909
1 0.09953869518583765 0.18797031151081778 0.07552337720008424 0.13452548620519006
4 0.4468160928622126 0.46848718877209566 0.8099136404005897 0.9369743775441913
6 0.3135290735076498 0.7775197331529723 0.16944051535721805 0.12545810266810484
2 0.2757162938860272 0.4755854189286211 0.1716231761762697 0.13178998982323478
5 0.23071722405964165 0.17245709690235375 0.1558431359715068 0.12940861827193717
1 0.5112628436100313 0.7679422580290587 0.18458829679055846 0.13713258706427264
5 0.46681246347650135 0.4624292424252265 0.17646571638103267 0.13359815128862404
6 0.4345520029334457 0.15313612958035625 0.1964681359715069 0.1315376843053107
8 0.7166540735076499 0.7563928471294964 0.22888586989538454 0.2389341044771273
8 0.674392403169357 0.4491945007929695 0.20014070907633297 0.23121013568479168
8 0.6447082529334456 0.14212230721540461 0.2260709503049103 0.24189533016686776