5 0.9060895609662019 0.17249040140422492 0.09412573620994635 0.1250619549975256
6 0.8929230050810719 0.46414231286961416 0.07202341567683312 0.11610303482570909
1 0.8960263068760739 0.759621909206141 0.06627352084968266 0.1329629862051899
4 0.5856417024946472 0.48882688885261033 0.7454828946941365 0.9564180913596859
6 0.7587288276592494 0.17007248756398646 0.16117684389007855 0.12389560266810493
2 0.7577440230277606 0.47200680178833776 0.1629666644231918 0.13178998982323478
5 0.7637450042896491 0.775135123814605 0.1473416644231918 0.13097111827193722
1 0.5610953097125607 0.17964996268790007 0.17560305674305993 0.1371325870642727
5 0.5662468448145153 0.48516297829173227 0.16769962852981452 0.13359815128862387
6 0.5588074517032243 0.7944560911366025 0.18792120031656906 0.13153768430531088
8 0.35560382765924936 0.19119937358746245 0.2128877595669115 0.23893410447712723
8 0.3583661486545812 0.49839771992398935 0.18458090314042072 0.23121013568479168
8 0.34865120170322433 0.8054699135015543 0.20985368778015676 0.24189533016686796