5 0.2203125 0.0875 0.1203125 0.090625
6 0.51171875 0.0921875 0.1125 0.06875
1 0.8078125 0.08046875 0.13046875 0.0625
4 0.5203125 0.39921875 0.91953125 0.71953125
6 0.21015625 0.23515625 0.11640625 0.1578125
2 0.5125 0.22734375 0.1234375 0.159375
5 0.81640625 0.2125 0.12265625 0.14296875
1 0.209375 0.4328125 0.12890625 0.17265625
5 0.515625 0.41875 0.12578125 0.1640625
6 0.825 0.4171875 0.12265625 0.18359375
8 0.21015625 0.63828125 0.22890625 0.20546875
8 0.51796875 0.6265625 0.22265625 0.17890625
8 0.825 0.62734375 0.23125 0.20390625