4 0.6270652127003009 0.5056900815706044 0.7458695745993982 0.9260628571381495
2 0.9123317790765274 0.2101589878185448 0.09503768086722211 0.1233477711033184
5 0.953383171913749 0.5010567232080482 0.07519407257314796 0.11052048863591431
1 0.9708260129362494 0.798699336438573 0.05834797412750135 0.13234094155801374
0 0.7647049233743515 0.19900152515721284 0.19136445966092558 0.24359781574558706
0 0.8208440739872674 0.5018634723972693 0.19876685655064746 0.23904668344033872
5 0.8502840235634246 0.80269926947517 0.16718608294074072 0.12772735389503395
6 0.5740799233743515 0.19567415340527136 0.19476427879370348 0.12196827759614015
6 0.6248186745056472 0.4992218932590017 0.19122917568342573 0.1172262305182393
6 0.6594929282288411 0.8063895109537533 0.18851427879370347 0.12185918344033872
5 0.3735037249294904 0.19451325365015268 0.173709485014259 0.13096144805083537
2 0.4334807750240269 0.49666213473758497 0.18097518086722192 0.12484781574558709
3 0.4575886756369429 0.7989649744291596 0.1938264953818516 0.1469137305182393
2 0.9959563404336109 0.16182267369451556 0.008087319132778248 0.0456397824674041