4 0.6269530605310231 0.464466157342065 0.7460938789379539 0.92893231468413
2 0.9111919468254996 0.1109502379377348 0.09432356909549355 0.12975174459225536
5 0.9505404577455232 0.40011658153176166 0.07455320303441759 0.1155013569050876
1 0.9687248763771258 0.6978457643520602 0.06255024724574838 0.13708462562389273
0 0.7636154451585097 0.1221650177832185 0.18995454667571837 0.244330035566437
0 0.8179830492607923 0.4156401609825339 0.19738440940281485 0.2525661830280946
5 0.8456606076054405 0.7161296797013392 0.1664536606107628 0.13958656405973216
6 0.5729904451585097 0.13386346630675622 0.19406847758022466 0.13596214559048395
6 0.6219530721396096 0.43472754887749776 0.19056084030732112 0.13098291430928927
6 0.6548283135147958 0.7410294706745112 0.18781847758022466 0.13537868302809475
5 0.37240051379496153 0.15495095112351204 0.1729587521260319 0.14329502662212143
2 0.43061059501842686 0.45337733985066964 0.18026106909549372 0.13777435482510808
3 0.45294694912070943 0.7559398883115656 0.19298420970237729 0.16067041430928927
2 0.9955992845477468 0.052052433861298174 0.008801430904506446 0.04706288768716786