4 0.4953125 0.40546875 0.9140625 0.68671875
2 0.19453125 0.1046875 0.121875 0.08359375
5 0.48515625 0.0890625 0.109375 0.06484375
1 0.7828125 0.08984375 0.13125 0.0625
0 0.1859375 0.2515625 0.23984375 0.1703125
0 0.48828125 0.221875 0.2359375 0.17734375
5 0.7890625 0.21875 0.12421875 0.15546875
6 0.1859375 0.4421875 0.11875 0.18359375
6 0.4890625 0.41796875 0.1140625 0.18125
6 0.79609375 0.41015625 0.11796875 0.17734375
5 0.18828125 0.64296875 0.128125 0.1625
2 0.48984375 0.609375 0.12265625 0.1703125
3 0.7921875 0.61171875 0.14453125 0.18203125
2 0.14453125 0.009375 0.0453125 0.01875
6 0.30859375 0.00859375 0.03515625 0.0171875
6 0.34453125 0.00625 0.0265625 0.01171875
6 0.38671875 0.0078125 0.04453125 0.015625
8 0.46015625 0.00859375 0.065625 0.0171875
8 0.54375 0.00859375 0.0640625 0.0171875