4 0.5203125 0.40546875 0.92734375 0.68125
2 0.215625 0.11875 0.1265625 0.08671875
2 0.51875 0.628125 0.13203125 0.16875
6 0.825 0.42890625 0.121875 0.1859375
6 0.51796875 0.43984375 0.12421875 0.1828125
6 0.20859375 0.45 0.12578125 0.184375
5 0.2125 0.63828125 0.13671875 0.1671875
5 0.51171875 0.11640625 0.12578125 0.07890625
5 0.81953125 0.23671875 0.13203125 0.1421875
1 0.8125 0.11015625 0.1359375 0.06640625
8 0.51640625 0.25 0.2359375 0.1875
0 0.20859375 0.2578125 0.24765625 0.184375
3 0.82109375 0.6234375 0.153125 0.18125
2 0.1640625 0.01953125 0.05390625 0.0390625
6 0.334375 0.01875 0.04375 0.0375
6 0.37421875 0.0203125 0.0359375 0.0375
6 0.415625 0.01953125 0.05 0.0390625
8 0.48984375 0.01875 0.07734375 0.0375
8 0.5734375 0.02265625 0.078125 0.0453125
0 0.66484375 0.0171875 0.08671875 0.034375