4 0.40546875 0.5080406370302202 0.68125 0.9757626406365164
2 0.11875 0.7926788089182919 0.0875 0.13268109604505723
2 0.628125 0.5251727787520174 0.16875 0.14305014951546724
6 0.42890625 0.20499204668514626 0.1859375 0.13487701659574647
6 0.43984375 0.5127881211907784 0.1828125 0.13778349530842302
6 0.45 0.8228733153745796 0.184375 0.13789275595208467
5 0.63828125 0.8321329729358187 0.1671875 0.1491908888718058
5 0.11640625 0.4964211679527993 0.078125 0.13046303218308672
5 0.23671875 0.19702173751475285 0.1421875 0.14119271857321794
1 0.11015625 0.19520287537815234 0.065625 0.14052644703379286
8 0.25 0.5010754529858776 0.1875 0.24904877723940827
0 0.2578125 0.8094342562041863 0.184375 0.2597677559520847
3 0.6234375 0.22250124682103226 0.18125 0.1657992346647612
2 0.01953125 0.8373032580457718 0.0390625 0.05585651609154354
6 0.01875 0.6669361277239408 0.0375 0.046372255447881726
6 0.0203125 0.6272016383676025 0.0375 0.038559755447881726
6 0.01953125 0.5857407580457716 0.0390625 0.05273151609154336
8 0.01875 0.5114673777239409 0.0375 0.08074725544788172
8 0.02265625 0.4281467793330952 0.0453125 0.08129355866619044
0 0.0171875 0.3363581170802791 0.034375 0.08990373416055819