4 0.530013359179691 0.37042129346924824 0.9399732816406182 0.7408425869384965
2 0.22254139988706054 0.09862054159756964 0.13165879465362354 0.09931511688838306
2 0.5553341151920833 0.5796976073216893 0.1410785682605596 0.18100271381017502
6 0.8499809443289225 0.3518891917646142 0.13270462613895012 0.1973150199665911
6 0.5435867311606255 0.3914892901419879 0.1356476156156063 0.1944817512477858
6 0.2348032653614925 0.4305269369802575 0.13573862087727823 0.1960442512477858
5 0.24967564939295034 0.6184435228787643 0.14723756299888785 0.18002367637256428
5 0.5184986419945528 0.06863525270437722 0.12955026308359247 0.08979425124778573
5 0.8333185471432852 0.16021222150670486 0.13953147881213823 0.15444021381017503
1 0.8189158709478652 0.03673188612768816 0.13975972099021766 0.07346377225537631
8 0.5309670918674959 0.20179140578258523 0.24685813140062188 0.20952571173019557
0 0.22360961817585506 0.23833943698025756 0.2576136208772781 0.2074217712143768
3 0.8574048494070677 0.5467851058661075 0.16368161035393455 0.19554483277853746
2 0.16520006577089813 0.013113161813717855 0.05540013154179624 0.02622632362743571
6 0.3354670631400622 0.0041634359402678515 0.04593412628012441 0.008326871880535703
6 0.37540181840173403 0.002902566971905349 0.03812162628012441 0.005805133943810698
6 0.41676256577089815 0.0012980449253348126 0.052275131541796326 0.0025960898506696252