2 0.1984375 0.01328125 0.040625 0.0265625
4 0.5328125 0.390625 0.8609375 0.68671875
6 0.24296875 0.10234375 0.1125 0.07421875
6 0.2390625 0.41953125 0.11328125 0.16875
6 0.52734375 0.60546875 0.11015625 0.159375
6 0.80703125 0.221875 0.1140625 0.1609375
5 0.7921875 0.0875 0.11171875 0.0703125
5 0.2390625 0.2328125 0.115625 0.14765625
5 0.52109375 0.2203125 0.10859375 0.14453125
1 0.80703125 0.6171875 0.128125 0.18359375
0 0.23828125 0.6171875 0.23515625 0.18359375
8 0.52421875 0.41484375 0.21484375 0.20234375
3 0.8109375 0.41171875 0.13828125 0.18515625
2 0.51484375 0.0921875 0.11171875 0.0625