2 0.9751610817676752 0.24439466438734897 0.028928636803468067 0.041862168320799586
4 0.5783422057698995 0.5573577166039978 0.737643899181189 0.8852845667920043
6 0.8835049318100274 0.28477776178231506 0.08155237884037306 0.11599318114108118
6 0.5665449449642072 0.26609826653982604 0.17530237884037306 0.12035965756743261
6 0.36381697418575093 0.5457193382942289 0.1657453683170294 0.11679800992479734
6 0.7311207823464899 0.8432730043387171 0.16758088410204514 0.12155828453190339
5 0.8663603323323725 0.8346878705498206 0.07677387357870132 0.11421235731976367
5 0.753263694964207 0.27479483208897604 0.15360938936371688 0.12246581306795061
5 0.7493372452324383 0.5574082789458228 0.15012036831702957 0.11607026385373889
1 0.33580828234648996 0.824861028740935 0.1918374314570917 0.13671240363849116
0 0.368934197595043 0.25611102874093505 0.19802578925077735 0.24296240363849114
8 0.5546239847090947 0.5514728403611435 0.21568372611071532 0.2250856989237615
3 0.5410495191923104 0.8383371395753553 0.19238346302712267 0.14608740363849115
2 0.8778262662791256 0.5571257967285032 0.06905237884037305 0.11541098428423417