2 0.19936621547112474 0.006011141814831486 0.04248243094224948 0.012022283629662973
4 0.5528107846549261 0.363010376437469 0.8943784306901479 0.726020752874938
6 0.2501253221598437 0.08251038468782976 0.11774451089576328 0.08418329454968654
6 0.2683989828231758 0.4000167490819161 0.12430014951546742 0.17793329454968648
6 0.5696822494189224 0.5624220567983442 0.12051958565349707 0.1683032030344176
6 0.8225462613999663 0.1559976161817625 0.12531634629715854 0.17024834030732108
5 0.7983060960450572 0.031291099077066925 0.11741672896477802 0.06258219815413385
5 0.2553423359055985 0.21329799908191607 0.12589550050420312 0.15631338606495557
5 0.5364995007563047 0.17777598982888246 0.11942697921687966 0.15267820303441745
1 0.8501892042463854 0.5513101161817625 0.14101775595208466 0.19483375212603188
0 0.2814392042463853 0.5977367719607333 0.24726775595208475 0.2035068636451804
8 0.5532274508921906 0.3720521483136134 0.22982888367602552 0.22072631455356584
3 0.8397276796048672 0.3455225017876762 0.15039275595208465 0.19559902667183912
2 0.5212901279760424 0.05016117285942061 0.1168704257464693 0.07168329454968654