4 0.52109375 0.46875 0.8203125 0.815625
6 0.25703125 0.1265625 0.10546875 0.103125
6 0.51953125 0.12734375 0.103125 0.09296875
6 0.790625 0.51484375 0.103125 0.21796875
6 0.24921875 0.5125 0.10859375 0.19375
2 0.51953125 0.284375 0.11015625 0.18984375
5 0.25078125 0.29296875 0.109375 0.17734375
5 0.51875 0.50859375 0.1109375 0.2015625
5 0.7859375 0.28203125 0.1109375 0.1875
1 0.775 0.1140625 0.1140625 0.08671875
0 0.24765625 0.73671875 0.21484375 0.20625
0 0.5203125 0.7296875 0.20859375 0.18359375