4 0.5511326148947964 0.5082361232493684 0.8725801249169457 0.8777845643355876
6 0.265141743521595 0.14603916349181745 0.11285855027685514 0.11117614357108563
6 0.5276918082964197 0.16671147407920545 0.10913277297895921 0.10156434523075956
6 0.8236176866094513 0.5747537301024901 0.1171431369509051 0.22656434523075966
6 0.2820612422849773 0.5313846676410023 0.12179106415651582 0.20203794191141178
2 0.5377548280361765 0.32374272407920546 0.12159080505721712 0.19891294191141168
5 0.2695555405592477 0.31197181681116537 0.12078976866002264 0.1864129419114117
5 0.5513421684108539 0.547902274494124 0.12385421190476258 0.20996884108157482
5 0.8040108837117025 0.34158603259200104 0.12295304595791841 0.19590634108157462
1 0.7823094571244005 0.1727884884008599 0.11966975478036197 0.09614313942190074
0 0.29486733265965487 0.7554850184708393 0.22884210055371038 0.2225890854824975
0 0.5670729996862329 0.769114423664287 0.22119028685862005 0.2002404888018452