4 0.46344845374828847 0.53125 0.8440447636570395 0.815625
6 0.7175543143979212 0.8734375 0.10925063103709683 0.103125
6 0.45507704645123254 0.87265625 0.10585284639736088 0.09375
6 0.1952583948936575 0.48515625 0.10948997492717534 0.21875
6 0.7365964487337234 0.4875 0.11501254922121244 0.19375
2 0.45964618916681205 0.715625 0.11492162100796718 0.190625
5 0.7286462417532368 0.70703125 0.11455790815498564 0.178125
5 0.46695153846716675 0.49140625 0.11680236975432585 0.2015625
5 0.193171743006878 0.71796875 0.11639319279472175 0.1875
1 0.19922185154493982 0.8859375 0.1166084899708701 0.0875
0 0.7446830480340783 0.26328125 0.221626262074194 0.20625
0 0.47182220955427623 0.2703125 0.2147397645814763 0.184375