4 0.49115386024287844 0.5926587921876025 0.8826596867917015 0.7123860266633238
5 0.7762027261399664 0.8981647808396751 0.10754690637700648 0.08797620435383635
5 0.4780862149471483 0.37307297848527166 0.12192366689245623 0.15398315027015244
5 0.24495272613996644 0.8796131220471842 0.10705558344622812 0.07860120435383636
5 0.2963658191971329 0.9929910865678216 0.040208920171816584 0.014017826864356663
5 0.25648112561956804 0.9915414312142687 0.03716580732694634 0.016917137571462605
5 0.2190630127746978 0.9928670736374638 0.033795145861557074 0.014265852725072392
6 0.7172957948868735 0.9972731091592353 0.034286468792335614 0.005453781681529435
6 0.6829617384644383 0.9974677993591786 0.03264208163720568 0.005064401281642717
6 0.6501492384644383 0.9969085214102872 0.03107958163720568 0.006182957179425586
6 0.7766044386007238 0.7570313493513293 0.11476626413349411 0.16621033175849825
6 0.4985613257558537 0.748881510336437 0.11460248982323477 0.16308533175849824
6 0.22528760006611312 0.7424578624285372 0.11600121551297518 0.160014895460829
8 0.7688351249421995 0.5641444449048256 0.22890400723608942 0.20138891832631992
8 0.592132020576614 0.9916245379264332 0.07367651741285464 0.016750924147133618
8 0.5133076577317437 0.9917956635169964 0.07507524310259513 0.01640867296600703
3 0.7541983355939348 0.3741370037978331 0.13984815128862388 0.16864585099579185
3 0.21007427860567268 0.5563293894703792 0.14379202283992143 0.18437997840045367
2 0.48877581071784826 0.562162760336437 0.12496013568479167 0.1821627139724832
0 0.43357921415417877 0.989554834479646 0.0829696302577247 0.020890331040708077
1 0.5071661210970123 0.8833110740387677 0.1223530348257091 0.07289684137714474
1 0.20394935210227808 0.3650595487262064 0.1300637155129752 0.16050596878180673