4 0.4642918425003789 0.5470242828534502 0.8508474869177929 0.737082715909932
5 0.7355457155459665 0.8258456855389424 0.10361587939029934 0.09098355027685515
5 0.4614521470496927 0.32759316240309955 0.11493517447164336 0.15730945712440042
5 0.2042957155459665 0.8598897324197115 0.10356133723582168 0.08160855027685514
5 0.250285447297398 0.9733922254798812 0.039189765027114645 0.024378238741233106
5 0.2104371521178582 0.9751642789959389 0.03607385538619425 0.025740479641934398
5 0.17294624247693782 0.9791298881875227 0.03292158430895542 0.020852720542635695
2 0.8065263569383184 0.9361836058047229 0.03608294574527378 0.0273029796419344
6 0.6713610165792387 0.9432823118493893 0.032976126463433175 0.030227720542635693
6 0.6369905617587787 0.9462664119416744 0.031404536104353654 0.02856509099298634
6 0.6041780617587786 0.94836913248431 0.029842036104353653 0.02846496144333699
6 0.7425355380492611 0.6839387877906958 0.10719539734428025 0.16930880937615383
6 0.4644196284083407 0.7033243476282749 0.10717721662612104 0.16618380937615385
6 0.19100030912649996 0.7239720188169061 0.10872153590796177 0.1631589389258032
8 0.7437566287029284 0.49081984346622176 0.21987720452587264 0.20776813695090493
8 0.5463428358610796 0.9481676758213349 0.07207498789975161 0.0389809592838688
8 0.4674456762201592 0.9547867180786256 0.0736193071815924 0.035956088833518154
3 0.7379646500747548 0.3012764821151698 0.13220448770335977 0.17247338217054295
3 0.18444980639602543 0.5383849722406787 0.13542039129415606 0.18829864126984167
2 0.46333333049832637 0.5166055976282748 0.11666130093507636 0.1855345866740496
0 0.3877536310406194 0.9591120751107411 0.081440897540672 0.03801923658176491
1 0.4667638992891878 0.8375992180786256 0.11914997579950323 0.07635984577334867
1 0.18724248740877228 0.34672839836655545 0.12278403590796172 0.16406010487264702