4 0.5390625 0.4234375 0.846875 0.6828125
5 0.26953125 0.12734375 0.10234375 0.08359375
5 0.540625 0.64296875 0.1140625 0.15
5 0.80078125 0.12734375 0.10390625 0.075
5 0.75546875 0.0109375 0.0390625 0.021875
5 0.7953125 0.01171875 0.0359375 0.0234375
5 0.8328125 0.01015625 0.0328125 0.01953125
2 0.19921875 0.0125 0.03671875 0.025
6 0.334375 0.0140625 0.0328125 0.028125
6 0.36875 0.01328125 0.03203125 0.0265625
6 0.4015625 0.01328125 0.0296875 0.0265625
6 0.26171875 0.26875 0.10703125 0.1625
6 0.53984375 0.2671875 0.10546875 0.159375
6 0.81328125 0.2640625 0.10703125 0.15625
8 0.259375 0.46171875 0.21875 0.19375
8 0.459375 0.0171875 0.07265625 0.034375
8 0.53828125 0.015625 0.0734375 0.03046875
3 0.2640625 0.6515625 0.13125 0.1640625
3 0.81875 0.45 0.13515625 0.1796875
2 0.53984375 0.45390625 0.115625 0.17890625
0 0.61796875 0.01640625 0.08125 0.0328125
1 0.53828125 0.1328125 0.11875 0.06953125
1 0.81484375 0.64140625 0.121875 0.15546875