4 0.51796875 0.409375 0.82421875 0.73515625
2 0.25234375 0.1078125 0.09609375 0.0796875
2 0.5140625 0.10390625 0.1015625 0.08359375
0 0.77734375 0.11484375 0.2078125 0.0828125
1 0.78671875 0.2484375 0.1171875 0.159375
1 0.51875 0.44765625 0.1171875 0.178125
6 0.24921875 0.2546875 0.10546875 0.1765625
6 0.2515625 0.65390625 0.10546875 0.1796875
6 0.5203125 0.653125 0.103125 0.17265625
6 0.78828125 0.65625 0.103125 0.1875
5 0.24453125 0.45546875 0.11484375 0.18125
5 0.5171875 0.2484375 0.10859375 0.15546875
5 0.7890625 0.4515625 0.1125 0.18203125