4 0.6166417153701597 0.5007833176966265 0.7667165692596807 0.8463681301126602
2 0.9157448009564675 0.22638374511844908 0.08873116971703396 0.09919366943775679
2 0.9440835457565189 0.4879888348518923 0.09385626663882576 0.10401756175762493
0 0.9533090455487228 0.7515883335982512 0.0933819089025544 0.21022209765100222
1 0.8250058500407513 0.7648505147144904 0.17031492304479912 0.12182483887551339
1 0.6007711426783107 0.5026784383088823 0.1890649230447991 0.12237040815498564
6 0.7685780696752728 0.22753237114098113 0.1864813635606179 0.11138744404836291
6 0.36957811813616875 0.24149220038307612 0.1896063635606179 0.11147837226160835
6 0.39544825831890806 0.5102194683297647 0.1815021322794232 0.10812605172849495
6 0.41733921568134874 0.7782791465430101 0.1971271322794232 0.10858069279472175
5 0.5673592227534808 0.2286870088419956 0.19204405740420186 0.12089883636823107
5 0.7998440270377134 0.49531926471449034 0.16646059484181244 0.11392141066226813
5 0.6220996485016473 0.7731045985754389 0.19175232612300713 0.11777383636823106