4 0.4407307266958641 0.5653628126424716 0.8764617631646772 0.7791739179085091
2 0.6852684224691493 0.8530044962704137 0.10244729282674854 0.08476450361804452
2 0.423276520859995 0.870626844754647 0.10746257475773362 0.08969766508343398
0 0.1607600953656271 0.8734873303940104 0.213603314114072 0.09370349163225704
1 0.16072688039870547 0.7403849033247888 0.128332085653497 0.16551653663473137
1 0.4426263624655767 0.5271225062200364 0.12964321337743775 0.18426653663473136
6 0.6986639229733524 0.7059657219601542 0.11859645273377613 0.18213082654882307
6 0.7242362674289258 0.3068698026928488 0.11881497402109957 0.18525582654882305
6 0.45543163710709483 0.3217356433751662 0.11514367080279087 0.17727955223856356
6 0.18768140839441833 0.3326542904799186 0.11623627723940819 0.19290455223856365
5 0.7173914156838853 0.504938810494765 0.1282992346647614 0.1873096494796016
5 0.4302581303987054 0.7262593690649067 0.12030106436617345 0.16198210085908257
5 0.172587014074731 0.5373827340574835 0.12517423466476124 0.18714587516934209