6 0.27109375 0.10859375 0.10234375 0.07734375
6 0.26015625 0.43046875 0.1046875 0.16796875
6 0.5390625 0.6140625 0.1046875 0.159375
6 0.81015625 0.23984375 0.1046875 0.1640625
5 0.7921875 0.09921875 0.10703125 0.0734375
5 0.2625 0.2421875 0.109375 0.15234375
5 0.5359375 0.24375 0.109375 0.15234375
3 0.534375 0.1078125 0.12578125 0.07578125
3 0.809375 0.42109375 0.13359375 0.17265625
1 0.80859375 0.6046875 0.11953125 0.14375
8 0.534375 0.42890625 0.21015625 0.18125
0 0.25859375 0.60859375 0.2203125 0.17734375
4 0.53984375 0.4 0.8359375 0.6890625