6 0.2641347462993722 0.09596735566713374 0.10813147748246603 0.08292812406898657
6 0.232570559071612 0.4183517779168747 0.1155014913621267 0.1736258986760925
6 0.49971158698781676 0.5889552605484792 0.11490071406423077 0.1642508986760925
6 0.7947863641288292 0.20211011621561292 0.11520110271317882 0.16893839867609248
5 0.7858292735972681 0.06232202419733031 0.11095608883351815 0.0783861732831983
5 0.24697991980435524 0.22996136600621594 0.11918769586563345 0.15821922249741008
5 0.520317290254706 0.21878830976269095 0.11918769586563335 0.15821922249741008
3 0.5274660610741968 0.08292358436979677 0.1298062183831675 0.0808219685684686
3 0.782390086369508 0.3833965035191659 0.14538925046142523 0.1781336162111037
1 0.7698436142857126 0.5670266408227189 0.1279619185677376 0.14928087014004526
8 0.5068894386212615 0.4040173343697967 0.22099002775932136 0.19100179735218498
0 0.21959329041158943 0.5965495525239806 0.23172726866002263 0.18838621960192584
4 0.5142105852897737 0.37485637324492627 0.8800946313953506 0.7279969148016338