6 0.6299691300007901 0.9126152557394807 0.11179608851877383 0.08112563103709718
6 0.6766315146981385 0.5910585044858395 0.1234170512005516 0.17179609514371955
6 0.418102322717257 0.39934941145369096 0.12237652057829855 0.16242109514371963
6 0.10547405871233025 0.7656801389546558 0.12289678588942513 0.16710859514371953
5 0.10783484937853727 0.9068279761808166 0.11440082320764744 0.07652905925034226
5 0.6533904413678935 0.7792715583259054 0.12637033349679677 0.1563074874635877
5 0.380126363138269 0.7697528396669362 0.12637033349679677 0.1563074874635877
3 0.3666011691156024 0.905735803773559 0.13488674497802294 0.07868259263643722
3 0.12637223407588563 0.5844528710079671 0.15362481651167803 0.17734741316955063
1 0.1475305420950042 0.4008818530612784 0.13626730287454394 0.14725073620994636
8 0.40223934292776303 0.5846420537735589 0.22949192536355537 0.18734219028743926
0 0.6979640965209429 0.4129789685924622 0.24008258182280445 0.1845354390337981
4 0.4248852702718048 0.6133891794003796 0.8497705405436096 0.7133857970431343