4 0.53359375 0.41796875 0.84921875 0.6765625
6 0.2578125 0.12734375 0.10546875 0.065625
6 0.5328125 0.12265625 0.1046875 0.07421875
6 0.8140625 0.45703125 0.10703125 0.18125
6 0.253125 0.4546875 0.10703125 0.18203125
6 0.31875 0.0125 0.0359375 0.02421875
6 0.35625 0.01171875 0.0328125 0.02265625
6 0.38828125 0.01015625 0.03203125 0.01953125
2 0.18203125 0.0109375 0.034375 0.02109375
2 0.5328125 0.2609375 0.11640625 0.17890625
8 0.44921875 0.01171875 0.078125 0.02265625
8 0.53046875 0.0140625 0.07734375 0.028125
0 0.6140625 0.01484375 0.08359375 0.0296875
5 0.253125 0.26015625 0.11484375 0.16015625
5 0.53359375 0.453125 0.115625 0.16953125
5 0.8109375 0.25390625 0.115625 0.1640625
5 0.7578125 0.0109375 0.034375 0.02109375
5 0.7984375 0.00859375 0.0359375 0.015625
5 0.8375 0.00703125 0.034375 0.0140625
0 0.25546875 0.64453125 0.228125 0.171875
0 0.53359375 0.6390625 0.221875 0.178125
8 0.81328125 0.64453125 0.221875 0.175
1 0.80625 0.11875 0.11875 0.06171875