4 0.40168148485423955 0.4426839461608429 0.7062451540679856 0.8853678923216858
6 0.10142599139284347 0.7325379676317135 0.0693353317584982 0.11122276514684692
6 0.1063417030030741 0.45789316514220263 0.07865576805616734 0.11037066016782511
6 0.45053816942262814 0.1513057427273155 0.18496033175849824 0.11998430373891074
6 0.42860605028585097 0.7124208414825601 0.18496033175849824 0.11998430373891082
6 0.0009188541802758503 0.6803028066386958 0.0018377083605517007 0.03783188672260849
6 0.0003744617570806925 0.6428620062237773 0.000748923514161385 0.034470088382282424
2 0.24462295300307407 0.447414838582775 0.18216271397248338 0.12912250539858477
8 0.002393318743322358 0.5498932562237773 0.004786637486644716 0.07978258838228243
8 0.00654635000392461 0.46846565746853275 0.01309270000784922 0.08025618506293455
0 0.008841742743605859 0.3848127078834513 0.017683485487211718 0.08662458423309741
5 0.23407480028585095 0.7271615381678564 0.1634127139724834 0.1277017153566284
5 0.43683773485423955 0.432070490652723 0.17278771397248321 0.12841211037760658
5 0.24730404201796646 0.16982263484850862 0.1681002139724833 0.12805691286711748
5 0.00700891343217838 0.24135870580885882 0.01401782686435676 0.036032588382282335
5 0.00499750748806222 0.2009113045641034 0.00999501497612444 0.03712149170163022
5 0.004494037841615204 0.1619672037342664 0.008988075683230408 0.03544059253146718
0 0.6185316458393473 0.6956915923077526 0.17984130054030487 0.24114890871793265
0 0.6227752348542396 0.4179809894033232 0.18587304573098146 0.23537250539858476
8 0.6380108875714627 0.1378790923077526 0.18274804573098144 0.23513570705825865
1 0.11198410091097388 0.18475166306761018 0.06664684137714505 0.12348596680652095