4 0.37716349052736203 0.44128086985542536 0.7509278639970354 0.8825617397108507
6 0.06241075753935328 0.7280536257143986 0.07492067049962943 0.11353371435577006
6 0.08178264000898237 0.45357389102552503 0.08415896946287019 0.11301174497802294
6 0.44076382662564856 0.13521163216517287 0.19054567049962934 0.12636692536355537
6 0.38934440442907553 0.6964092648207361 0.19054567049962942 0.12636692536355537
2 0.22006389000898235 0.4382260643472953 0.18824087672018494 0.13539508182280446
5 0.1948131544290755 0.718000275232483 0.16949087672018495 0.13331402057829872
5 0.41231974052736203 0.4161139365911115 0.17886587672018486 0.1343545512005516
5 0.23736542455213 0.16088146231398492 0.17417837672018494 0.13383428588942517
5 0.0010950253533335492 0.2409735476073717 0.0021900507066670983 0.03680290478525663
5 0.00017193909039369467 0.20060868026293485 0.00034387818078738933 0.03767171770375484
5 0.0006746517906945839 0.16171960203331034 0.0013493035813891678 0.0359357959333793
0 0.5793932059842144 0.6729947697201155 0.19183335136685145 0.24720139474130248
0 0.5982572405273621 0.39547674591642973 0.19753654721981437 0.24164508182280448
8 0.6281954761072689 0.11791569443057115 0.19441154721981438 0.2358313888611423
1 0.10179907144185223 0.1805699454514637 0.07288927879370348 0.12568687081501909