4 0.53671875 0.4265625 0.85546875 0.69609375
5 0.26328125 0.125 0.103125 0.08984375
6 0.534375 0.1390625 0.10625 0.08515625
3 0.80859375 0.15078125 0.1296875 0.0953125
6 0.2546875 0.271875 0.109375 0.1703125
2 0.534375 0.28125 0.115625 0.16796875
2 0.815625 0.28984375 0.1265625 0.1609375
2 0.75 0.278125 0.00234375 0.00078125
5 0.2515625 0.46796875 0.1171875 0.17578125
5 0.534375 0.47265625 0.11640625 0.16875
5 0.81640625 0.48125 0.11796875 0.16875
6 0.25859375 0.6515625 0.10234375 0.153125
0 0.53359375 0.65234375 0.2203125 0.16328125
6 0.80859375 0.6703125 0.109375 0.15390625
2 0.18671875 0.01171875 0.0375 0.0234375
6 0.321875 0.01484375 0.034375 0.0296875
6 0.35703125 0.015625 0.0328125 0.0296875
6 0.3921875 0.01484375 0.0328125 0.028125
8 0.45390625 0.01875 0.078125 0.03671875
8 0.534375 0.02109375 0.0734375 0.04140625
0 0.6203125 0.025 0.08203125 0.04921875
5 0.76171875 0.01953125 0.03984375 0.034375
5 0.80390625 0.02109375 0.0359375 0.0375
5 0.84609375 0.01953125 0.03828125 0.03828125