4 0.4400426076136249 0.44182711988092727 0.7217893304292293 0.8836542397618545
5 0.14643632627259415 0.7243155336189673 0.09362563103709695 0.11211733187624873
6 0.15261080377355898 0.4518264217761012 0.0874665592503423 0.11462217105719699
3 0.15635060306127843 0.17644487024037941 0.09908602084968252 0.1391449524905374
6 0.2935613788590189 0.718335504371254 0.17349498746358769 0.12627438231915686
2 0.294798303773559 0.43771776314267663 0.17211434389007838 0.13236934211439397
2 0.2952085145814764 0.15561504201648063 0.16462009263643723 0.14253164109057948
5 0.4897460570722643 0.7020029586735091 0.17840980799670092 0.1345520029334457
5 0.486204553773559 0.4187253380592205 0.17211434389007838 0.13236934211439397
5 0.48659203252816496 0.13584136693302445 0.17220527210332365 0.135494342114394
6 0.6731352185924623 0.6767544846138674 0.1561256310370968 0.11831894006676506
0 0.6659147858268704 0.40167696451148605 0.1689104390337981 0.2364366812953424
6 0.6758818530612785 0.12489400215671262 0.1563074874635877 0.12456894006676493
2 0.03538281749710552 0.8121184484642783 0.024528638558944348 0.03982560307144354
6 0.03457517227424361 0.6766521180547523 0.030687710345698983 0.03732076389049528
6 0.03433347987523329 0.641418347952371 0.0306422462390763 0.03575826389049528
6 0.032529287476222954 0.6063396180547523 0.02907974623907631 0.03560322368573239
8 0.03463970526462705 0.5442332675428452 0.039773205331134064 0.08184596491430973
8 0.03464205377355897 0.46353195723570073 0.04276181301126601 0.07746854532383551
0 0.03604777790931151 0.3772068567237935 0.052364133544379424 0.08621128655241303
5 0.02646452625995887 0.23634324744046364 0.03555706677218971 0.04403588450478395
5 0.026799495381146482 0.19400070723570076 0.03854567445232167 0.03965846491430973
5 0.024009464502334092 0.15196824744046364 0.038591138558944346 0.04122096491430982