4 0.5828059606294418 0.561506202574751 0.7118208993447863 0.8769875948504978
5 0.8795955913131323 0.31935379780361983 0.09242505357072232 0.10893251387966059
6 0.8702650503210162 0.5895463818567759 0.08622960064862326 0.11165699568106327
3 0.863332806406801 0.8630141602344061 0.0975762037328785 0.1357954025286084
6 0.7325705868489054 0.30134787013658365 0.17222164772652385 0.12028912091177606
2 0.7280775503210163 0.5804345928386877 0.17076824188232517 0.12643899136212672
2 0.7243930373320774 0.8611338803156163 0.16314665665497757 0.1368758436138801
5 0.5364222897710047 0.2856566116555938 0.17704551542127547 0.12840200956072395
5 0.5366713003210163 0.5681687230066459 0.17076824188232517 0.12643899136212652
5 0.5330004241015527 0.8496492604835746 0.17082278896022576 0.12956399136212687
6 0.3529512706962813 0.28092263957179864 0.15492505357072242 0.11293769586563344
0 0.3569701635515411 0.555872574796974 0.16634556899199798 0.23072597316352947
6 0.34380155640680093 0.8297210849760068 0.15503414772652385 0.11918769586563335
2 0.9897472027185807 0.25005069015319564 0.020505594562838424 0.039001943244739753
6 0.9878154200476581 0.38500668105389696 0.02436915990468371 0.03627746144333708
6 0.9877384407455871 0.42011286627907224 0.024523118508825804 0.03471496144333699
6 0.9888265180587783 0.4553191810538969 0.022346963882443303 0.034614831893687636
8 0.9848705622956576 0.5167876071797737 0.030258875408684816 0.08052810919158375
8 0.9836401860778416 0.5971061628552997 0.03271962784431679 0.07604086829088245
0 0.9800524230905505 0.6827933389811763 0.039895153818898875 0.08601664558877822
5 0.9881112721159682 0.824550042404949 0.02377745576806376 0.04282785009228505
5 0.9869374200460104 0.8666374128552997 0.026125159907979166 0.038340609191583754
5 0.9880800444371026 0.9089250424049491 0.0238399111257948 0.039903109191583755