4 0.5561080089344297 0.4375 0.8591361443331434 0.684375
5 0.2866616946765233 0.1328125 0.0996126808363588 0.0671875
2 0.5416038626613009 0.1390625 0.1060536818249421 0.071875
3 0.8075471976422728 0.146875 0.1294911818249421 0.071875
6 0.2787603058549494 0.26484375 0.11118153361182789 0.159375
5 0.5493911408359213 0.27265625 0.11704953163466172 0.15
1 0.8216481428130876 0.28203125 0.12486203163466172 0.15
5 0.2837382604173044 0.44453125 0.11899403361182799 0.159375
1 0.5568720128887623 0.45625 0.1250530326232447 0.1546875
5 0.8314090978697344 0.4640625 0.11893036661563343 0.1578125
6 0.29812304847775656 0.625 0.10273236364988403 0.14375
6 0.563189632964437 0.63046875 0.10754719764227279 0.146875
6 0.8325444694282836 0.6453125 0.1121710306460784 0.1453125
6 0.3352026709505271 0.0203125 0.039155341901054186 0.040625
6 0.3696095044486243 0.02109375 0.03290534190105419 0.040625
6 0.40398450444862427 0.02109375 0.03603034190105418 0.040625
2 0.20307592045623551 0.01796875 0.03740184091247105 0.0359375
8 0.4627692554372075 0.02578125 0.07859984387822046 0.05
8 0.5401448389353046 0.0265625 0.07716467787060921 0.053125
0 0.6222397559314989 0.028125 0.08354201186299796 0.05625
5 0.7635823389353046 0.0265625 0.03966467787060921 0.053125
5 0.8018635889353046 0.0265625 0.03953734387822046 0.05
5 0.8408624219391102 0.025 0.03953734387822046 0.05