4 0.53828125 0.4375 0.83046875 0.684375
5 0.28125 0.1328125 0.09609375 0.0671875
2 0.5359375 0.1390625 0.10234375 0.07265625
3 0.8015625 0.146875 0.1265625 0.07265625
6 0.26796875 0.26484375 0.1046875 0.15859375
5 0.53828125 0.27265625 0.1109375 0.15
1 0.81015625 0.28203125 0.11875 0.14921875
5 0.265625 0.44453125 0.11171875 0.15859375
1 0.53828125 0.45625 0.11796875 0.1546875
5 0.8125 0.4640625 0.1125 0.1578125
6 0.27265625 0.625 0.096875 0.14453125
6 0.5375 0.63046875 0.1015625 0.146875
6 0.80625 0.6453125 0.10703125 0.1453125
6 0.334375 0.0203125 0.0375 0.040625
6 0.36875 0.02109375 0.03125 0.040625
6 0.403125 0.02109375 0.03359375 0.040625
2 0.20234375 0.01796875 0.0359375 0.0359375
8 0.46171875 0.02578125 0.0765625 0.05078125
8 0.5390625 0.0265625 0.07578125 0.05234375
0 0.62109375 0.028125 0.08203125 0.05546875
5 0.7625 0.0265625 0.03828125 0.05234375
5 0.80078125 0.0265625 0.0375 0.04921875
5 0.83984375 0.025 0.0375 0.04921875