4 0.5109311232333322 0.6056032967965086 0.8911250541005543 0.761975520797775
5 0.7946190754013872 0.9342856946747679 0.10275314458064795 0.07623116971703396
2 0.5393847712543502 0.9042595952574045 0.10941324769092589 0.08150213227942338
3 0.2730762660705539 0.8716499363558599 0.1328507476909258 0.08369011688838306
6 0.7963490877952302 0.8034943026198451 0.11863100574944418 0.16914799792002028
5 0.5253530826114338 0.7704470467965086 0.12406079952888867 0.16035646048240987
1 0.2526578763908783 0.7356914253325746 0.13187329952888857 0.16108578868539639
5 0.7829722185679155 0.6240256010807411 0.12644350574944418 0.16987732612300716
1 0.5092907107922212 0.5868532967965086 0.13228340263916644 0.16577328868539637
5 0.2343884556084249 0.5534413768716786 0.12630680471268488 0.16831482612300713
6 0.7601519988222215 0.4429004556980532 0.10945149538185177 0.15279366971703395
6 0.4948297951935642 0.41270747961680715 0.11441239745537005 0.15635626663882593
6 0.22478113534435118 0.37277483943406786 0.12052569641861081 0.15537722920121516
8 0.6235143464193962 0.9979478774955715 0.08093693317629622 0.0041042450088571766
8 0.5461022459010166 0.9932022943009372 0.07964783524981467 0.013595411398125635
0 0.46393429486425736 0.9876284891845106 0.08773373732333312 0.024743021630978745
5 0.3226647459010167 0.9836480948418125 0.04214783524981467 0.03270381031637513
5 0.28438349590101664 0.9826424907444953 0.04187443317629622 0.034715018511009534
5 0.2454576969377759 0.9816004202370288 0.04187443317629622 0.03679915952594257