2 0.2078125 0.01953125 0.03984375 0.03671875
6 0.34453125 0.021875 0.0359375 0.04296875
6 0.38046875 0.02421875 0.03046875 0.04765625
6 0.41171875 0.02265625 0.03125 0.04140625
6 0.2734375 0.4390625 0.10703125 0.1640625
6 0.5546875 0.46171875 0.1078125 0.165625
6 0.82734375 0.63984375 0.109375 0.14921875
8 0.47109375 0.02734375 0.06015625 0.0546875
8 0.55234375 0.02578125 0.07109375 0.0515625
0 0.6359375 0.03046875 0.07734375 0.0578125
5 0.7796875 0.025 0.0375 0.05
5 0.81796875 0.0265625 0.03671875 0.053125
5 0.86015625 0.02578125 0.03671875 0.0515625
4 0.55625 0.434375 0.84140625 0.6765625
0 0.27578125 0.26171875 0.2203125 0.16171875
2 0.2828125 0.1328125 0.090625 0.06484375
2 0.5515625 0.6328125 0.11328125 0.14375
5 0.553125 0.14140625 0.10859375 0.07421875
5 0.83125 0.46484375 0.11875 0.16171875
1 0.83125 0.28046875 0.11953125 0.16015625
3 0.82265625 0.15 0.13203125 0.084375
8 0.55078125 0.27421875 0.203125 0.18203125
5 0.275 0.61171875 0.109375 0.14921875