2 0.20747158076312075 0.018049744987273315 0.04127956493480811 0.03609948997454663
6 0.3441494204546952 0.01997505064450102 0.03670115909060954 0.03995010128900204
6 0.3800460101462697 0.021705454308569322 0.03206820616851012 0.043410908617138644
6 0.4113232836852201 0.019179890973114875 0.031959112012708776 0.03835978194622975
6 0.2657736355549544 0.43588076662954717 0.10911372158978576 0.16529883068109025
6 0.5466281692401745 0.4552643765913671 0.11070349512873605 0.16687951201463563
6 0.8161752357998358 0.6302167338876871 0.11199325973923244 0.15127269334818116
8 0.470616463068369 0.024775636636705924 0.06032957386326192 0.04955127327341185
8 0.5518937366073194 0.022776784631615248 0.07277502678536116 0.045553569263230495
0 0.6354056659904683 0.026214865292820043 0.0791341209411625 0.052429730585640086
5 0.7792511233767946 0.020572845281684193 0.03837275324641087 0.041145690563368385
5 0.8175050998378441 0.021912623945752496 0.03842730032431163 0.04382524789150499
5 0.8597062366073194 0.020885925942888992 0.03840002678536116 0.041771851885777984
4 0.5486679561718055 0.4279024452578216 0.8524344423654971 0.6863440574474493
0 0.27121293222581805 0.258509744629229 0.22314894805083538 0.16506356802990768
2 0.2804942491892211 0.12952167862827452 0.0917704886359143 0.06667951734563582
2 0.5405167167251123 0.626394489258458 0.11500916558343129 0.14505905601527208
5 0.5506567447249943 0.13497005792491254 0.1106841298696164 0.07627269334818113
5 0.8231361221622737 0.4551712805538234 0.12158644805083511 0.1638817813494539
1 0.826354399758414 0.2707962805538234 0.12153190097293454 0.1607567813494538
3 0.8200379902607674 0.1404275278883233 0.13272277110331848 0.08590223201781737
8 0.5459947439142153 0.2678098299252307 0.20628873051823948 0.1836135733609078
5 0.2643224095009419 0.6085188352960017 0.11199325973923262 0.15127269334818116