2 0.6948997715112755 0.9481895829294433 0.04278346491430973 0.039091674904859985
6 0.5584135818184197 0.9514166950964527 0.040278625733361294 0.045214340912470875
6 0.5227086421255642 0.9505372860089238 0.035901206142887256 0.04814833992388756
6 0.4913036019208013 0.9533731259328115 0.03528104532383551 0.04189833992388792
6 0.6709030664901162 0.5313323467696079 0.1225292215001053 0.1683918557412186
6 0.3919011494591783 0.5201361560845984 0.12424676170486819 0.17001802273741298
6 0.13691948280214977 0.35312104692051977 0.12425885965723911 0.15445668973360743
8 0.43239372253508995 0.9511049717881985 0.06480140716670171 0.05710684585538672
8 0.3509886823303271 0.9559781555903069 0.07699132675717593 0.0544911818249421
0 0.26786005294461585 0.9546968398867068 0.08386148757622758 0.06099584980971926
5 0.12356741222794562 0.9660229535365907 0.04246128655241303 0.05152800790866543
5 0.08544120243270854 0.9660202949433534 0.04277136696193886 0.05465300790866543
5 0.04317618233032709 0.968520553840602 0.04261632675717595 0.05309050790866543
4 0.4207520751034985 0.5475435730807928 0.841504150206997 0.7108153439525827
0 0.6509622532495262 0.7087715972638996 0.2364366812953424 0.17147704646340928
2 0.6311401863565862 0.8379643487467743 0.09713668860004213 0.069317685779275
2 0.4120030518807167 0.3489150720922096 0.12832619883818755 0.14839769072219058
5 0.3616804074827823 0.840384989088404 0.11681692982861955 0.07945668973360753
5 0.11564872986870414 0.5282802144110057 0.1348741812953424 0.1673386917107738
1 0.09735398570668104 0.7126552144110058 0.13628164109057947 0.16583985870696819
3 0.09300187860897825 0.8427737959319366 0.13962217105719701 0.08972302768032883
8 0.3772025748876294 0.7074769885941125 0.22110966375249727 0.18952670950527092
5 0.6864725091164174 0.35873976376580236 0.12425885965723911 0.15445668973360735