4 0.5168878887847211 0.6189042879673639 0.9021404665416652 0.7621914240652723
6 0.8081832893976373 0.9436328620512138 0.1087297425071295 0.07187684523075966
6 0.7922200794538877 0.6281146058274365 0.1210137119699997 0.17680114357108573
6 0.5011577076346752 0.4236826018787442 0.11611159849212935 0.15625184523075966
6 0.2564369872768505 0.7489380979300518 0.12046690782296263 0.17055114357108572
5 0.2805271811035631 0.8912323417062746 0.10880765494824055 0.09050844606059663
5 0.3273912021215722 0.9920296908741154 0.040234020735185186 0.015940618251769224
5 0.29009625367671105 0.9926508252097814 0.03527311866166656 0.014698349580437054
5 0.2505259057502296 0.993875610790203 0.0348630155513888 0.012248778419593976
5 0.5348449512731005 0.7909885010489072 0.11992010367592557 0.16430114357108572
5 0.8050597064568967 0.8192248579020287 0.1220881964186109 0.15360044191141142
2 0.5488082893976373 0.9239785998041518 0.10839755183796278 0.08582094606059662
0 0.772661560744953 0.44891235790202877 0.2241387119699997 0.1846154888018452
0 0.47178575108481285 0.9943331083030141 0.08453082488222208 0.011333783393971685
0 0.51680997634361 0.6025888518787441 0.23161902130083298 0.1991515854824973
1 0.23195864830384189 0.3893146441957856 0.13146319641861082 0.15431083693238978
3 0.2385387133841193 0.5621009487598889 0.14628711404351816 0.18182053029369402