4 0.534375 0.4140625 0.840625 0.703125
6 0.26953125 0.11171875 0.10234375 0.0640625
6 0.2578125 0.428125 0.10546875 0.16875
6 0.5328125 0.61171875 0.10390625 0.1484375
6 0.8078125 0.265625 0.10546875 0.1625
5 0.79609375 0.12421875 0.1015625 0.0828125
5 0.75859375 0.0171875 0.0375 0.03046875
5 0.79609375 0.01484375 0.0328125 0.02734375
5 0.8359375 0.01171875 0.0328125 0.0234375
5 0.53125 0.24453125 0.10703125 0.15703125
5 0.26171875 0.23671875 0.10859375 0.1453125
2 0.52890625 0.11171875 0.1015625 0.078125
0 0.26171875 0.60703125 0.21015625 0.16875
0 0.6140625 0.01875 0.08046875 0.0375
0 0.5328125 0.4328125 0.21640625 0.1828125
1 0.80078125 0.62578125 0.11796875 0.1453125
3 0.809375 0.45234375 0.13125 0.17109375