4 0.39237566708245447 0.49215933065707007 0.7422777386229513 0.8856832973421944
6 0.07769662117801167 0.7376280127999264 0.0688656240689866 0.10723031153562204
6 0.3935570616247177 0.769622996603914 0.17369867328319835 0.11706399136212671
6 0.5899591424753486 0.5063882186877092 0.15324062406898661 0.11263730721668548
6 0.25667372332597954 0.20920952344038463 0.16744867328319835 0.11666347316352939
5 0.1147216637726856 0.21186654919712106 0.08754284946188076 0.106869366131414
5 0.01122105924370766 0.2425076750461425 0.02244211848741532 0.03950259099298643
5 0.010086648573648556 0.20485748072166854 0.020173297147297112 0.03461483189368782
5 0.008280149814248237 0.16481347162236992 0.016560299628496474 0.034314443244739846
5 0.2226988678682428 0.4844202745201187 0.16119867328319834 0.11626295496493207
5 0.20233274814248237 0.7534508767718722 0.15040672249741008 0.11868704811738695
2 0.089777205957584 0.4782530127999265 0.08285534946188074 0.10656897748246603
0 0.5726452481424824 0.7771815800387613 0.17850179735218497 0.22018899136212688
0 0.010708405914802757 0.38713905459579184 0.021416811829605514 0.08365310919158367
0 0.41105289247534865 0.49492338525286195 0.19285539578060823 0.22734015730897053
1 0.6165024875940033 0.2393206346345531 0.15084337014004526 0.12806204811738686
3 0.4434652479330854 0.21961250462347848 0.17798806699689199 0.14226425046142532