4 0.5372889416876971 0.54921875 0.7850535352912935 0.875
6 0.8501962964662262 0.27578125 0.07883724025173748 0.1125
6 0.8302576916876971 0.54921875 0.07786673610255264 0.1203125
6 0.8137400848345754 0.81875 0.08328794191141178 0.109375
5 0.7156912419021229 0.2671875 0.15743583693238997 0.11875
0 0.6887922421026156 0.55 0.20431268216314943 0.221875
6 0.6673027927180268 0.83359375 0.18016294191141177 0.109375
6 0.5206747398275304 0.26328125 0.19289974025173784 0.1125
6 0.5005109921026156 0.55 0.18172544191141177 0.109375
6 0.4724755447926191 0.8375 0.20416912697434614 0.1375
0 0.33221589107228594 0.265625 0.20322377884380147 0.228125
2 0.3121113429324526 0.5515625 0.17306083693238977 0.11875
1 0.2910954902285158 0.82890625 0.15970873195336796 0.128125
2 0.9733037549743774 0.19765625 0.0261606809137497 0.0359375
6 0.9580787288298683 0.33671875 0.0339731809137497 0.0359375
6 0.9586581466713632 0.3703125 0.02916728174358667 0.034375
6 0.9545500645128584 0.40390625 0.0324106809137497 0.0359375
8 0.9476479464615819 0.4640625 0.03982136182749905 0.071875
8 0.9404731412727786 0.5484375 0.036341164317009955 0.0671875
0 0.9331799369138123 0.634375 0.04389355518880329 0.084375
5 0.926193463258814 0.778125 0.032765878424238795 0.040625
5 0.9214933852494941 0.81953125 0.03420997925407576 0.0390625
5 0.9218360047506629 0.85625 0.02916728174358667 0.034375