4 0.556757291105798 0.4083105417000342 0.8864854177884041 0.7391158510611119
6 0.27953203879637123 0.12248737015663172 0.11454588479802066 0.07293096656500012
6 0.5529468067430598 0.11534179170003425 0.12231292069139794 0.07155030452090286
6 0.8223643964765032 0.10516213222138822 0.11155727711788863 0.07754573138263901
5 0.2748709340192331 0.2578436419081248 0.12306909012915472 0.15120143692972227
0 0.5578425583924125 0.256729857904444 0.22733069279472176 0.19266419794763906
6 0.8414363083924125 0.2501291401051729 0.11437605172849494 0.174420731382639
6 0.2766476973470683 0.4532470608860762 0.11786476458147632 0.18699346656500015
6 0.5633209832404455 0.445011107904444 0.11442151583511766 0.175983231382639
6 0.8510028396669362 0.4445694711272215 0.14313754922121263 0.196950348023889
0 0.2844698721951013 0.6414737594993054 0.23353522868809903 0.19124716831236127
2 0.5703619080884786 0.6332559903132634 0.12352373119538154 0.16682643692972227
1 0.8477056580884786 0.6268007428787146 0.13248955423577727 0.15298214247680555
2 0.1979972307996701 0.00962761350711798 0.03661946159934022 0.01925522701423596
6 0.33719612311953817 0.012306130699583199 0.036846782132453626 0.024612261399166398
6 0.3706989449062928 0.009171712196597074 0.03514788981258556 0.018343424393194148
6 0.4043381590129155 0.010352352489201227 0.036801318025830906 0.020704704978402454
8 0.46456260517284953 0.012205140008263709 0.07287521034569906 0.024410280016527418
8 0.5489603372261608 0.010805314353003257 0.06809678213245363 0.021610628706006513
0 0.6349205692794722 0.011858341471284475 0.08546613855894432 0.02371668294256895
5 0.7785569090129154 0.006024609138714961 0.04148881802583091 0.012049218277429921
5 0.8200086231195381 0.006705521657777443 0.03997178213245363 0.013411043315554885
5 0.8566364449062928 0.0035165517680204816 0.03514788981258547 0.007033103536040963