4 0.54921875 0.42109375 0.87421875 0.71796875
6 0.27578125 0.12890625 0.11171875 0.0703125
6 0.54921875 0.128125 0.1203125 0.06953125
6 0.81875 0.12421875 0.109375 0.07578125
5 0.2671875 0.2640625 0.11796875 0.1484375
0 0.55 0.26953125 0.221875 0.1875
6 0.83359375 0.26953125 0.10859375 0.17109375
6 0.26328125 0.459375 0.1125 0.184375
6 0.55 0.4578125 0.11015625 0.1734375
6 0.8375 0.4640625 0.13671875 0.19375
0 0.265625 0.64765625 0.228125 0.1859375
2 0.5515625 0.64609375 0.11953125 0.1640625
1 0.82890625 0.64609375 0.12734375 0.15
2 0.19765625 0.01171875 0.0359375 0.0234375
6 0.33671875 0.01640625 0.0359375 0.03203125
6 0.3703125 0.01328125 0.034375 0.0265625
6 0.40390625 0.01484375 0.0359375 0.0296875
8 0.4640625 0.0171875 0.07109375 0.03359375
8 0.5484375 0.01796875 0.0671875 0.03125
0 0.634375 0.01875 0.08359375 0.03671875
5 0.778125 0.01484375 0.040625 0.0296875
5 0.81953125 0.01640625 0.0390625 0.03203125
5 0.85625 0.01328125 0.034375 0.0265625