4 0.5687292658316079 0.47751786398703083 0.6772277110331835 0.9133815558635107
2 0.9771277414785834 0.0883548318293563 0.03974433847375849 0.04316813419006549
2 0.37052713961214423 0.21683591177537132 0.15514324188232517 0.13171908602505678
2 0.3594088129095086 0.49639906324578187 0.16139324188232518 0.13237598749546714
6 0.9669288068204285 0.22589470866736935 0.05221706493480838 0.04291943713088644
6 0.9694537889635211 0.25994125793216416 0.04747501785690744 0.03930176102807863
6 0.9673185446455641 0.29291798329976676 0.052053423701106286 0.03354443713088644
6 0.5367661996789838 0.47697823402288453 0.16912392126547413 0.1285096143334803
6 0.7244333896121442 0.17963886601337803 0.15832278896022575 0.13517253676026195
5 0.8586583851479173 0.17410923439955278 0.07372960064862326 0.11380436690972048
5 0.8500474496789838 0.4440510478185593 0.07690914772652349 0.11725781764492567
5 0.3483313965152984 0.7736184647161923 0.1426159683433748 0.12884278308423572
5 0.9617859703785602 0.6545546206159655 0.050654564934808376 0.042755211763283896
5 0.9618990186742769 0.6927537579321641 0.04443183847375849 0.043660810292873366
5 0.9611899066615681 0.7333787579321641 0.04435001785690744 0.03897331029287336
0 0.9626780888840909 0.5140938459835681 0.05448867694751698 0.08370866249848916
0 0.7061302597458232 0.7367921055351925 0.17262284253094826 0.23961133970108292
0 0.5541890734595201 0.19363318108206354 0.17262284253094826 0.2396113397010829
8 0.7133286996789837 0.4584207674837885 0.1739398806803953 0.22571306506868555
8 0.9662957869349263 0.35151173329976676 0.048075035713814884 0.07367676102807863
8 0.9648911996789838 0.4319804832997668 0.05281708279171582 0.07729443713088635
1 0.5271285523594971 0.7610646601256924 0.15530688311602708 0.1410940860250566
8 0.8423268583658515 0.7076607485537645 0.08320578652459361 0.20993799374773375