4 0.53828125 0.421875 0.84375 0.66171875
2 0.19140625 0.01953125 0.0390625 0.0390625
2 0.25625 0.625 0.11484375 0.15234375
2 0.53515625 0.63125 0.11484375 0.16015625
6 0.328125 0.02734375 0.03671875 0.0515625
6 0.3625 0.02421875 0.034375 0.04765625
6 0.3953125 0.02578125 0.02890625 0.0515625
6 0.534375 0.45390625 0.1109375 0.1671875
6 0.25625 0.27109375 0.11796875 0.15546875
5 0.26484375 0.13671875 0.10546875 0.07109375
5 0.534375 0.140625 0.109375 0.07578125
5 0.81171875 0.6375 0.1140625 0.140625
5 0.75703125 0.025 0.03828125 0.05
5 0.7953125 0.02421875 0.0390625 0.04453125
5 0.8359375 0.02421875 0.034375 0.04453125
0 0.61640625 0.0265625 0.07734375 0.053125
0 0.8125 0.2796875 0.22109375 0.16875
0 0.25234375 0.44140625 0.221875 0.16875
8 0.534375 0.27734375 0.2078125 0.1703125
8 0.45390625 0.02578125 0.06953125 0.04765625
8 0.534375 0.02578125 0.07109375 0.0515625
1 0.81796875 0.45859375 0.125 0.15234375
8 0.79765625 0.14375 0.2015625 0.0796875