4 0.5530541478520321 0.5704513011762697 0.7017982878371629 0.8590973976474606
2 0.9715538606295325 0.2886939784887245 0.0408818651776464 0.04293850511907271
2 0.36306496443463937 0.29345964914309786 0.15851032092583345 0.1308189400667649
2 0.34382469706624386 0.5717457383240462 0.16476032092583343 0.13143910088581662
6 0.9573735825077699 0.42463752746491 0.053309090570540715 0.04261632675717593
6 0.9588975411514411 0.4593226078744358 0.04847604135632864 0.03902620614288725
6 0.9558067744022182 0.49198006766967295 0.05287244292790518 0.03324132675717593
6 0.5212048343697967 0.5885615515646363 0.17235449710451575 0.12752680190963125
6 0.7169712144346393 0.3285762555218964 0.16178087014004525 0.13425402047629076
5 0.8509459540955572 0.3505034631315065 0.07682367328319835 0.11338184941909377
5 0.8344860843697968 0.6196471126195991 0.08009422249741008 0.11681692982861946
5 0.3246935916085071 0.8476880775049945 0.14593754631872766 0.1280161184286616
5 0.9397407028572122 0.8537763377720544 0.05174659057054072 0.04246128655241321
5 0.9387389749831186 0.8921351078744358 0.045569365177646405 0.0434036257333613
5 0.9368468351983662 0.9327601078744359 0.045351041356328635 0.03871612573336129
0 0.9447279174967391 0.7129962975672914 0.05676373035529281 0.083396366961939
0 0.6824697043049541 0.8823319316692517 0.17908399420903187 0.23533613666149655
0 0.5468406509524041 0.30777062320273946 0.17908399420903187 0.23861934211439398
8 0.6977673343697968 0.6060810947028448 0.17999152274507893 0.22471188231915687
8 0.9530777266357484 0.550573817669673 0.05007708271265763 0.07340120614288725
8 0.9493298343697969 0.6310425676696729 0.05491013192686935 0.07699132675717593
1 0.5033087431800837 0.8716901809503476 0.1589469685684687 0.14019394006676505
8 0.8190985630724598 0.8826182822100733 0.08907542431665547 0.20946955044290833