4 0.5114392170907669 0.5218462052786992 0.7717693478695165 0.9151309654485068
6 0.8294614486768509 0.22842236814322409 0.08713952392628314 0.11418121838316742
6 0.7998071779759546 0.5025910533683995 0.0840145239262835 0.1139809592838688
6 0.4484530331120545 0.8097862962716855 0.19043794569665895 0.12235226866002265
6 0.5145292837250424 0.23541735194721158 0.18418794569665894 0.12195175046142533
6 0.9444862887470196 0.282331013270577 0.03853712248901146 0.039702850092285046
6 0.9412788380283835 0.3182184484957523 0.03506527894826057 0.03637759099298634
6 0.9365955981949352 0.35342476327057704 0.0380168571778853 0.03501535009228505
5 0.7007277684139159 0.22813937076411772 0.16613163277816073 0.12700019586563344
5 0.48331421709076683 0.5236485371723869 0.1805409763189118 0.13102636181247734
5 0.6374279701935563 0.7914706855389424 0.1678675545485362 0.1286628254152827
5 0.8949735212715103 0.7214435780454017 0.038883966029762365 0.04282785009228505
5 0.8905512661269356 0.7612873280454017 0.038190278948260215 0.03657785009228505
5 0.8875180892119856 0.8025934484957524 0.03541212248901147 0.03950259099298634
2 0.9600075371956247 0.142487263270577 0.038883966029762365 0.04282785009228505
8 0.9274016882651039 0.41529370759505096 0.045824244978022934 0.07740310919158375
8 0.9160400062055791 0.496693901919525 0.05242108851877383 0.08092862739018099
2 0.6676892170907668 0.511833250313767 0.1753332110077853 0.12603847316352948
1 0.7756216572750583 0.7764092851698021 0.09147847631891182 0.12531897748246604
0 0.32755040106947925 0.24972658313030544 0.1971945784748197 0.2391392504614253
0 0.29720329532039136 0.5371264535806561 0.19702115670444426 0.23757675046142523
3 0.26468500930836864 0.8161328331303055 0.17411585048191558 0.14302571406423076
0 0.906067402375679 0.5795564666943497 0.05467727560027598 0.08727875693983034