4 0.55859375 0.4265625 0.871875 0.675
6 0.28359375 0.1390625 0.10859375 0.07578125
6 0.5578125 0.13828125 0.10859375 0.07109375
6 0.84453125 0.4578125 0.1109375 0.17734375
6 0.2703125 0.45546875 0.1109375 0.17265625
6 0.3453125 0.0171875 0.03671875 0.03359375
6 0.38125 0.01640625 0.03359375 0.03203125
6 0.41640625 0.0171875 0.0328125 0.03359375
5 0.275 0.26875 0.1171875 0.153125
5 0.55859375 0.4546875 0.1203125 0.1671875
5 0.83828125 0.26953125 0.11796875 0.1546875
5 0.784375 0.01796875 0.040625 0.03515625
5 0.82421875 0.01796875 0.03515625 0.03515625
5 0.865625 0.01640625 0.03828125 0.03203125
2 0.20546875 0.0171875 0.04140625 0.03359375
8 0.478125 0.01953125 0.075 0.03828125
8 0.559375 0.021875 0.07734375 0.04375
2 0.55859375 0.2703125 0.11484375 0.16171875
1 0.83203125 0.13203125 0.11953125 0.07734375
0 0.27265625 0.6421875 0.22890625 0.17265625
0 0.56015625 0.640625 0.2265625 0.17265625
3 0.8390625 0.6421875 0.1328125 0.159375
0 0.6421875 0.02265625 0.084375 0.0453125