4 0.5486653976077079 0.38423479666671895 0.8875857993900006 0.7410667369509674
6 0.2803570343849304 0.11757305061541115 0.11112064437666672 0.08328794191141169
6 0.5545939681805206 0.09601274625180044 0.11104790919430556 0.08016294191141167
6 0.8338755457840967 0.39381774852688556 0.11508340539458359 0.1865313410815747
6 0.2597113471708677 0.4349856935617969 0.1149379350298613 0.18028134108157462
6 0.34491245649701385 0.004814786717963995 0.038300087005972296 0.00962957343592799
6 0.38086814029260413 0.0022221216760077074 0.03510235182361114 0.004444243352015415
6 0.41600620649701386 0.002032406219132932 0.03361258700597229 0.004064812438265864
5 0.2687447743169442 0.24791174605130778 0.12075152393569458 0.16200493776222674
5 0.5480107809664579 0.4123597966667189 0.12420383225631966 0.1763042361025528
5 0.832007840521354 0.2060100952075376 0.12235039152687506 0.16368583693238978
2 0.20506870649701386 0.01017234916784083 0.04142508700597229 0.02034469833568166
8 0.47767040511024306 0.0024463420070136186 0.07587282218833344 0.004892684014027237
8 0.5588658537234722 0.0021615381678565084 0.07914329255305556 0.004323076335713017
2 0.5523021567257637 0.22798479666671892 0.11940722948277802 0.17126153859206372
1 0.828958188545243 0.06898369188818973 0.12056837955902786 0.08712333693238983
0 0.25770917002479116 0.6215268448065523 0.2321254350298613 0.18916127884380138
0 0.5452455376159717 0.5981788974965558 0.2305629350298613 0.18904287967363836
3 0.8241154200247912 0.5786071456224561 0.13652199430041706 0.16943892946385705