4 0.54921875 0.42890625 0.8625 0.6515625
6 0.27578125 0.146875 0.1078125 0.06640625
6 0.26953125 0.63359375 0.11015625 0.153125
6 0.55234375 0.64296875 0.10703125 0.1546875
6 0.8328125 0.45625 0.1109375 0.16953125
3 0.828125 0.6328125 0.13359375 0.1515625
3 0.55 0.15078125 0.12890625 0.075
2 0.2703125 0.27265625 0.11796875 0.15625
2 0.203125 0.02578125 0.04140625 0.0515625
5 0.55078125 0.28203125 0.115625 0.15
5 0.82734375 0.278125 0.115625 0.15078125
5 0.77421875 0.025 0.0390625 0.05
5 0.8140625 0.02578125 0.0359375 0.0515625
5 0.853125 0.02734375 0.0375 0.0546875
0 0.26484375 0.45234375 0.2265625 0.175
8 0.54921875 0.46015625 0.22734375 0.18984375
1 0.8203125 0.14765625 0.11796875 0.071875
6 0.340625 0.02734375 0.0375 0.0546875
6 0.37578125 0.025 0.03203125 0.05
6 0.409375 0.02578125 0.0328125 0.0515625
8 0.47109375 0.03203125 0.07734375 0.0640625
8 0.55234375 0.03203125 0.07578125 0.0640625
0 0.6328125 0.03125 0.0828125 0.0625