4 0.5267407259168831 0.4866314667123207 0.8966469436891066 0.7422149029166458
6 0.26808385741780333 0.17586077738186232 0.11125176051544958 0.07695655036458074
6 0.23632600859488564 0.6619226259114519 0.11739994120271566 0.16462077573218342
6 0.5186471856641071 0.701022417447526 0.11435682835784551 0.16585482499697815
6 0.8089014507021124 0.5437821209321962 0.11978131275401331 0.18041000109978605
3 0.7949607021724505 0.7198519448293883 0.14231805404758582 0.16568588161382536
3 0.542097889529979 0.20858857939612205 0.13205558344622811 0.08846648014341482
2 0.2560231914298583 0.3010672385952532 0.12693871551297517 0.16873112793779904
2 0.20177386194035912 0.047130547788340534 0.04332727611928178 0.05583235955766811
5 0.5360006184990798 0.33992069207992337 0.12348616689245624 0.16215267720259377
5 0.8127678363869041 0.36508233214558705 0.12348616689245624 0.16215267720259385
5 0.772908555517924 0.10637366964709796 0.04168288896415202 0.05410563419006546
5 0.8127113619403591 0.11134266652096474 0.03863977611928178 0.05533968345486025
5 0.8516919747852294 0.11701080071103023 0.04036605042954129 0.058628908822462876
0 0.24113741858993681 0.48017994980864404 0.23573386137453226 0.1988126783023798
8 0.525102982814288 0.5178814667123207 0.23811523292582973 0.21460190366998244
1 0.8125741638402385 0.23387456799137524 0.12251680913596844 0.08435612793779904
6 0.33919197478522933 0.06314488013737105 0.04036605042954129 0.058628908822462876
6 0.374471055517924 0.06449620090842997 0.03387038896415202 0.05328450735205239
6 0.4080238619403591 0.0688082963118863 0.03551477611928178 0.05501123271965502
8 0.46941506331984006 0.08154519833218979 0.08148237336031983 0.07227376838013097
8 0.5506650633198401 0.09008491744752598 0.07835737336031982 0.0719453176449257
0 0.631174756897405 0.09776127387906089 0.08608798620519006 0.07120394448293883