4 0.5230433355791214 0.5292757167980722 0.7270214722911094 0.8852530638719669
6 0.8289972670119912 0.2459894685273527 0.07505737153638883 0.11010417549789597
6 0.3428253211590283 0.25673606180341435 0.16269407257314797 0.11472224282842385
6 0.3087074335056029 0.5398759440173995 0.16398317049962943 0.11165180653075471
6 0.4708883474073164 0.8138243315888621 0.17845577360990728 0.1168303798517325
3 0.29473595051759416 0.8153025299522488 0.16331878916129608 0.139667679126093
3 0.8010999850607419 0.5203446277831798 0.08634618605101849 0.1323065577118811
2 0.7036944706406486 0.2449130965649866 0.1666392787937035 0.12420637023308556
2 0.9564476152212966 0.1691045315967114 0.0551167269557407 0.04242560217691822
5 0.6697816345423622 0.5257092287789717 0.16011587672018504 0.12086311542376223
5 0.6494918010359738 0.8021353195231447 0.16011587672018504 0.12086311542376223
5 0.9072646362857885 0.740170999745546 0.053417525918981565 0.04080853847458741
5 0.9029975098484275 0.7800420315967115 0.054706623845462946 0.03773810217691818
5 0.8980174839294459 0.8191590952990422 0.057968324882222075 0.039409729581580066
0 0.524485424269306 0.24571917233303503 0.19482165033009213 0.23267363466105584
8 0.4917933355791214 0.5303669908446894 0.21058335136685144 0.23478177168436432
1 0.7805757057013905 0.7905480003785181 0.08226427879370349 0.1212599303072194
6 0.9428554239864821 0.30665909529904223 0.057968324882222075 0.039409729581579886
6 0.9421234006593988 0.341733499745546 0.05273402073518483 0.03299603847458741
6 0.9384030783690749 0.3753545315967114 0.05443322177194432 0.034613102176918174
8 0.9267533874170842 0.4372915364060349 0.07089755183796279 0.08036211179556503
8 0.9196449335056031 0.5185415364060348 0.07062414976444416 0.07723711179556503
0 0.9133860801125012 0.5989830045548694 0.06974515494824055 0.08499504809323426