2 0.1984357959333793 0.006696732496605584 0.0359340918667586 0.013393464993211169
6 0.34018888947413023 0.004145946281868762 0.04131527894826048 0.008291892563737524
6 0.3736959285889425 0.001929806508480239 0.038016857177885034 0.003859613016960478
6 0.40807092858894245 0.00046303029568308117 0.03489185717788494 0.0009260605913661623
8 0.47334823301488116 0.0024242074917564193 0.07013396602976237 0.0048484149835128386
4 0.5628855128001379 0.38941512043382626 0.8742289743997242 0.7709154412448017
6 0.28340413959672783 0.11009337968685992 0.1218647756002758 0.09355829454968653
6 0.5676915766782298 0.09319382467619175 0.12151793205952473 0.09043329454968654
6 0.8910014681941452 0.4065717010290718 0.13192323828205338 0.1841832945496865
6 0.30740942226076584 0.4400199957479362 0.13504823828205348 0.18443838606495558
5 0.2937176227342066 0.24563226695976353 0.1359187552671722 0.16438097758022466
5 0.6022875158015168 0.4191026204338263 0.13643902057829874 0.16906847758022464
5 0.8691494730935247 0.21679172390788906 0.12984558517078923 0.13756338606495566
2 0.5813901924712719 0.23082137043382628 0.13036414641529498 0.15618584030732113
1 0.8486805919893563 0.07498686118079266 0.13089293205952474 0.09119856909549376
0 0.33056293267251274 0.6344236999903016 0.25761692536355535 0.2006369551604493
0 0.6223151741799533 0.6208564390702781 0.24841534713393082 0.20143418061464224
3 0.9125049156873939 0.6074167239078891 0.15727008182280428 0.18934902667183912