2 0.9183645662412412 0.9882259978982937 0.03609984103382295 0.02354800420341263
6 0.7765930561263719 0.9846828413806314 0.041517861263561426 0.030634317238737198
6 0.7430906211550892 0.9853709152000653 0.0382102312061269 0.029258169599869533
6 0.7087156211550891 0.9852754664297294 0.0350852312061269 0.029449067140541275
8 0.6434152960115027 0.9811305945038893 0.0703733814932999 0.03773881099222152
8 0.5644177309827854 0.980119812937129 0.07055601155073461 0.039760374125742
0 0.4837663509253508 0.9786956804726696 0.08323864160816932 0.042608639054660814
5 0.34212674109765456 0.9826334862890246 0.044825491320996134 0.03473302742195088
5 0.3023743061263719 0.9833033793902993 0.041517861263561426 0.03339324121940131
5 0.2608767410976546 0.9824016821324945 0.04170049132099614 0.035196635735011125
4 0.5153308307913301 0.5682384782353901 0.950568265730707 0.7050542396482674
6 0.8327009969049278 0.8722230380492612 0.12392452310146922 0.08503859621281222
6 0.5483767266751893 0.8643231378763104 0.12199676298659981 0.0819045058537327
6 0.22308244929803012 0.5259408521647405 0.13295456643267672 0.17565450585373235
6 0.8067573698149417 0.543389510921898 0.13607956643267655 0.17567268657189175
5 0.8215909969368337 0.7370940591265 0.1368303756860268 0.15537836729005097
5 0.5118608597000724 0.5385509782353901 0.13737826585833054 0.16006586729005096
5 0.24605325127633568 0.7157891473442802 0.13216316470963826 0.12880677693097126
2 0.5338677816209433 0.7268322282353901 0.1312297253988536 0.14753859621281204
1 0.2673600865028855 0.8580039184215191 0.1313717629865999 0.08195904800821019
0 0.7824574276643322 0.3488491705628184 0.2586850866624152 0.18263173458010193
0 0.49064533229100726 0.3370021137740095 0.24949271671984974 0.18413969242562428
3 0.2003957369176823 0.32516414734428023 0.15831982654754598 0.1789249515990063