2 0.196875 0.0140625 0.0328125 0.02734375
6 0.33828125 0.0171875 0.03671875 0.034375
6 0.371875 0.01640625 0.03515625 0.0328125
6 0.40625 0.01640625 0.03125 0.0328125
8 0.47109375 0.0203125 0.06640625 0.040625
8 0.55 0.02109375 0.065625 0.0421875
0 0.63046875 0.02265625 0.078125 0.04453125
5 0.77265625 0.01796875 0.03984375 0.0359375
5 0.8125 0.0171875 0.03828125 0.034375
5 0.85390625 0.01796875 0.03828125 0.0359375
4 0.55078125 0.434375 0.86875 0.69921875
6 0.26875 0.13203125 0.11328125 0.08515625
6 0.55234375 0.13828125 0.1125 0.08046875
6 0.83828125 0.475 0.11328125 0.17421875
6 0.25625 0.4609375 0.115625 0.17421875
5 0.2640625 0.2671875 0.11875 0.1546875
5 0.55078125 0.4640625 0.11796875 0.15859375
5 0.8375 0.28515625 0.11640625 0.128125
2 0.55078125 0.27578125 0.1140625 0.146875
1 0.8328125 0.14296875 0.12265625 0.08046875
0 0.2578125 0.65546875 0.23828125 0.18046875
0 0.5484375 0.665625 0.22734375 0.1828125
3 0.8375 0.67578125 0.13671875 0.17734375