2 0.9098325552318499 0.9539474930055556 0.04593721658814829 0.026782675893442943
6 0.7680845526399518 0.9558031061611482 0.04037072177194432 0.03434050790866543
6 0.7336412021215721 0.9564225300774247 0.03113242280870363 0.035521005931499164
6 0.6968541016031926 0.957137454487993 0.037519123845462944 0.037338173916276675
8 0.637205699529674 0.9564318003433797 0.07556592799249984 0.045116181824941745
8 0.5599303000480538 0.9603645666550022 0.0738667269557407 0.04349001482874755
0 0.4739928000480537 0.9638662514456937 0.0769917269557407 0.043617348821136305
0 0.21110961460916605 0.31598846144525616 0.24595492337435151 0.19529654844057553
5 0.2657716139970354 0.842200792966187 0.11335845391148132 0.08557935574121878
5 0.33364120212157217 0.972721281103189 0.04050742280870363 0.035903007908665074
5 0.2922349521215722 0.9744084565023403 0.03581992280870363 0.03571200692008212
5 0.25466660160319254 0.9751552144110057 0.04064412384546294 0.03746550790866543
5 0.5305778248357393 0.6965567346397797 0.12718579952888867 0.15464769072219048
5 0.7883556197929623 0.30030783984952575 0.13636530989648107 0.17059102570316256
8 0.8079237004246286 0.4970873393552342 0.24820092855814763 0.2031727154367699
8 0.5110097442040731 0.49977723513407135 0.23984162441111073 0.19660438045579803
8 0.22401759213055455 0.5083351289357422 0.23583762959490703 0.2042258794672147
6 0.24446466757842455 0.6972384614452561 0.12427541300675893 0.17476918973360753
6 0.8223633665889334 0.8234415923209836 0.12273345391148141 0.08596135771838505
6 0.49596306823782343 0.30986981813787695 0.12753711404351814 0.1764590237259962
4 0.5161654273803693 0.5497454016359742 0.9267303634313876 0.7337090158916929
3 0.5411817171073132 0.8356829016359741 0.13591695909527762 0.09428319368794007