2 0.1765625 0.0125 0.04375 0.025
6 0.31796875 0.01640625 0.0375 0.0328125
6 0.35234375 0.0171875 0.02890625 0.034375
6 0.3890625 0.01796875 0.03515625 0.0359375
8 0.4484375 0.02109375 0.071875 0.0421875
8 0.52578125 0.0203125 0.0703125 0.040625
0 0.61171875 0.0203125 0.0734375 0.040625
0 0.8171875 0.6765625 0.22890625 0.18515625
5 0.80859375 0.15 0.10703125 0.08046875
5 0.75234375 0.0171875 0.03828125 0.034375
5 0.79375 0.0171875 0.03359375 0.034375
5 0.83125 0.01796875 0.03671875 0.0359375
5 0.53203125 0.284375 0.1140625 0.15078125
5 0.240625 0.66875 0.12109375 0.16640625
8 0.23828125 0.471875 0.23046875 0.19375
8 0.534375 0.48125 0.2234375 0.18828125
8 0.82109375 0.484375 0.21796875 0.1953125
6 0.8171875 0.2953125 0.10859375 0.16953125
6 0.25234375 0.14609375 0.11640625 0.08046875
6 0.5328125 0.67109375 0.1125 0.17109375
4 0.53359375 0.43125 0.865625 0.6984375
3 0.53359375 0.1453125 0.128125 0.0890625