2 0.005504337259237796 0.824092597241038 0.011008674518475592 0.0450601944820761
6 0.01061744135779034 0.6828910651288623 0.02123488271558068 0.0392196302577247
6 0.01165778997781857 0.6485570087064273 0.02331557995563714 0.029926517412854636
6 0.01279359598417299 0.6118792022839921 0.02558719196834598 0.03782090456798422
8 0.016593616073193904 0.5526679765942516 0.03318723214638781 0.07408595318850324
8 0.016480567777477233 0.4752832830166868 0.03296113555495447 0.07244156603337366
0 0.017244226868086753 0.38934578301668676 0.034488453736173506 0.07556656603337357
0 0.6733714959428102 0.21826963817118256 0.1883569366867496 0.2377876843053107
5 0.14665899147858336 0.19926741689245617 0.08310460064862309 0.1105081320667471
5 0.015189713271887598 0.24855700870642727 0.030379426543775196 0.03930151741285455
5 0.015537450893504431 0.20715075870642727 0.031074901787008863 0.03617651741285455
5 0.016659620130383683 0.16969170228399216 0.033319240260767366 0.0393834045679843
5 0.2762065750843732 0.4828722122336148 0.1519909683433748 0.12192366689245623
5 0.6554950600701348 0.7944227023955338 0.1677523360381265 0.13055503844375363
8 0.45857914976170927 0.786448670849185 0.19778648376465036 0.24140400723608924
8 0.4731224853927987 0.49084624377996355 0.19140011606989854 0.2332639586155702
8 0.48125217979018603 0.20429126809022308 0.19913079545304768 0.228985894391219
6 0.2921214959428102 0.1982891723195231 0.17065914772652385 0.11821881275401318
6 0.13304336161226232 0.7553126990046318 0.08329551542127552 0.12144563206674715
6 0.6629389618538484 0.5023580331282285 0.17383869480442443 0.12150758706427264
4 0.42310884862332354 0.48900710481581144 0.7135470405784885 0.9022285583429991
3 0.13717134862332353 0.474021755427067 0.09129893019392785 0.13279256784239593