4 0.6193941946984258 0.5412767553060274 0.7612116106031482 0.9174464893879453
6 0.9031713925543977 0.3025965058958057 0.08130737153638883 0.11494434941909368
6 0.9988461860510182 0.37454790941015764 0.0023076278979637264 0.036855643276206516
6 0.5838356321868051 0.255420824226554 0.1754674746466666 0.12893426170486819
6 0.8038095647509707 0.8488051864433295 0.17206907257314796 0.1254991812953424
5 0.9432726059385171 0.8494775548719911 0.08355337672018522 0.12291188962385675
5 0.7718824363338422 0.28027564879810296 0.16011587672018485 0.1305088596572391
5 0.6030803755424066 0.5462069134075024 0.16011587672018485 0.1305088596572391
8 0.4116057750240268 0.5264332383240461 0.19257564514629594 0.23595946272868282
0 0.3956910832235644 0.23830097955262364 0.18925515551388844 0.2511193421143941
3 0.7889495250240268 0.5638754477742884 0.16617038708777762 0.1465989802715278
3 0.6078525157877299 0.8309101407455846 0.18363128916129606 0.15142942252391975
2 0.9211174760607861 0.5785388450767541 0.08327997464666659 0.11978688962385657
1 0.4224228637142115 0.8094128764811801 0.16888528397749986 0.14222156068105357