4 0.4953125 0.41796875 0.87265625 0.69609375
6 0.21484375 0.115625 0.1078125 0.071875
6 0.2765625 0.0125 0.034375 0.025
6 0.31015625 0.0109375 0.0328125 0.021875
6 0.34921875 0.0140625 0.0390625 0.028125
6 0.19921875 0.43359375 0.11328125 0.16484375
6 0.77578125 0.2640625 0.10859375 0.16171875
5 0.7625 0.1234375 0.115625 0.0734375
5 0.20546875 0.24609375 0.11640625 0.15
5 0.490625 0.43984375 0.11484375 0.15
8 0.4078125 0.015625 0.07421875 0.03125
8 0.4890625 0.015625 0.075 0.03125
0 0.5703125 0.0140625 0.078125 0.028125
8 0.48984375 0.63125 0.21875 0.1734375
0 0.20078125 0.621875 0.23359375 0.16796875
3 0.48984375 0.25390625 0.13125 0.1546875
3 0.77734375 0.46015625 0.13515625 0.171875
5 0.71484375 0.0109375 0.03515625 0.021875
5 0.753125 0.01171875 0.03671875 0.0234375
5 0.79453125 0.0125 0.03515625 0.025
2 0.49140625 0.121875 0.11171875 0.0734375
1 0.77421875 0.6453125 0.1265625 0.1578125