4 0.3803971183320402 0.5265923139972086 0.7607942366640804 0.9083966711878695
6 0.05153325678864599 0.7912158994796017 0.08067565727678294 0.11157930913596861
6 0.36822654921230064 0.823504935548506 0.1748082945496865 0.1211800384437538
6 0.24575968377944415 0.23805767921692805 0.17142820303441741 0.1178912641334942
5 0.10405054483955063 0.24396908525525038 0.08287588606495562 0.11947369629109836
5 0.1812367322428388 0.807428476932936 0.15956593182259016 0.1250486668924559
5 0.39826383301114154 0.5324262341690252 0.15943838606495558 0.12348616689245624
8 0.5896063101323242 0.5432386606724198 0.191293906068835 0.2278394742194024
0 0.556635344969935 0.8318098377416412 0.1878818636451804 0.2432188127540133
3 0.2122625601323242 0.5234629127085847 0.16540134364130096 0.13935682835784552
3 0.4419809795370787 0.2467720171857119 0.18284393515657005 0.14338258706427273
5 4.512828385945099e-7 0.28572946008590827 9.025656771890198e-7 0.03552142017181659
5 0.00240790969267892 0.24748915366347318 0.00481581938535784 0.03872830732694634
5 0.004815368102519245 0.206123847241038 0.00963073620503849 0.03568519448207601
2 0.08035885588995875 0.5149809481001206 0.08262079454968654 0.11634869629109837
1 0.6268821380218096 0.25960064506858754 0.16814370636839726 0.13483310266810494