4 0.5015625 0.43671875 0.8875 0.759375
2 0.2171875 0.11640625 0.10234375 0.084375
2 0.5046875 0.68125 0.12109375 0.18359375
0 0.21328125 0.26328125 0.23671875 0.1921875
0 0.5875 0.01484375 0.08125 0.0296875
6 0.209375 0.4703125 0.1140625 0.1890625
6 0.5046875 0.47734375 0.11171875 0.1859375
6 0.7828125 0.13984375 0.10390625 0.08828125
6 0.28515625 0.00703125 0.028125 0.01328125
6 0.32265625 0.0078125 0.03828125 0.01484375
6 0.3609375 0.009375 0.040625 0.01875
8 0.503125 0.27578125 0.215625 0.1875
3 0.79140625 0.28515625 0.13984375 0.16875
5 0.21015625 0.67421875 0.12265625 0.1703125
5 0.7921875 0.690625 0.11875 0.16484375
5 0.73203125 0.01171875 0.03671875 0.0234375
5 0.77109375 0.0109375 0.03984375 0.021875
5 0.8109375 0.0109375 0.034375 0.021875
8 0.4265625 0.0140625 0.075 0.028125
8 0.503125 0.015625 0.078125 0.03125
1 0.79453125 0.4859375 0.12734375 0.178125
5 0.50703125 0.12734375 0.11171875 0.08515625