4 0.5749552467689588 0.465162936738971 0.7800317917905563 0.930325873477942
2 0.8886488451740974 0.14506037405767028 0.0867752610179167 0.11001247091226488
2 0.33049673195131984 0.4786681654425548 0.18721167211208342 0.13692539940087514
0 0.7416829261961461 0.1531434252753166 0.19771537385944454 0.25318812818904785
0 0.9915205784565974 0.5070823998114256 0.01695884308680533 0.08367336939505635
6 0.5345607572181946 0.16613698816189254 0.19171733415618064 0.1294955366737788
6 0.5344029819513199 0.46202344407124796 0.18855596656500015 0.12767794515850958
6 0.8783764131814589 0.7125985604221883 0.08993662860909737 0.11183006242753386
6 0.9965142635349133 0.2041009210232528 0.006971472930173306 0.029145366061076317
6 0.9957242482423091 0.24166469390207004 0.008551503515381854 0.038775457576345394
6 0.9945890674386806 0.2800734896597046 0.010821865122638741 0.04215554909161447
8 0.7359291143601393 0.4440075413363929 0.19251872758291705 0.2309304909161442
3 0.733263934932952 0.7330540658822 0.17202308320625015 0.15439994182452993
5 0.3306726910137849 0.1835629595331994 0.17314917211208342 0.13577748758216437
5 0.3278133687285424 0.766933439988362 0.1683889369297223 0.13226985030926067
5 0.9965821526869622 0.6513585582961564 0.00683569462607565 0.03941318636451818
5 0.9977998137811287 0.6903572854173391 0.004400372437742561 0.04241064060688356
5 0.9982998681598614 0.7302010354173392 0.003400263680277149 0.03616064060688355
8 0.9904652651019793 0.3460811269326082 0.01906946979604136 0.07729582363742163
8 0.9897755872903126 0.4227711726902427 0.020448825419374827 0.08067591515269079
1 0.5325554201153132 0.7525686957382378 0.18110714247680554 0.14266521637033697
5 0.8844575333380906 0.435796944361112 0.08699346656499998 0.11938747091226495