4 0.4693232514518183 0.45423369844820466 0.9386465029036366 0.7903671829239262
2 0.20358156072112127 0.12399060462398896 0.11298702310146913 0.08797620435383649
2 0.42506079495850846 0.6988740758528664 0.14342534677728444 0.18863096878180663
0 0.18250808532226764 0.2707291953681618 0.2599634970644574 0.2004811827542901
0 0.5857650144543711 0.035359702076401794 0.08471997109125766 0.0325248125212045
6 0.15440335271218136 0.47762403611233467 0.13616073694958822 0.19304565027015244
6 0.4488940174537256 0.49496782585286636 0.13423297683471896 0.18986608656782167
6 0.7664671098596021 0.16718016486775877 0.11335228321633828 0.09110120435383648
6 0.28433441474154425 0.01698912567538119 0.029586040459476947 0.013482146641955406
6 0.3217430997128269 0.019079904531321728 0.03932630057434618 0.016934528855940545
6 0.3598417196553923 0.021979215238427698 0.042816560689215424 0.020168656260602248
8 0.4708907948627907 0.29335076215053557 0.23754060689215367 0.19502979092165812
3 0.7580762645181831 0.31279276523057853 0.16034904620293827 0.1736607332097771
5 0.13135138021696427 0.6815575679635002 0.14178167626037289 0.17456846878180662
5 0.7114650146139009 0.7182887970817438 0.13810878608806904 0.1697718413771451
5 0.7306615245692404 0.037281844542005955 0.040239450861519185 0.024747028855940545
5 0.7698153395979578 0.03786468710027735 0.04318182080408448 0.023293656260602248
5 0.8096590895979577 0.039256061509714175 0.036931820804084484 0.023075401451278833
8 0.4249188294830885 0.02895839073632364 0.07828734103382295 0.03074405771188108
8 0.5012986994256539 0.03319451215053558 0.08177760114869237 0.03397818511654279
1 0.7377333021378352 0.5136831426352402 0.14894482654754598 0.18259922359113007
5 0.492146900319079 0.1450496714063627 0.12236202310146922 0.08830358656782163