6 0.13503423356997987 0.8758399761107152 0.12081434151404732 0.09561487884037305
6 0.7020548569060973 0.9190766387284324 0.11637655074867155 0.08137036831702957
6 0.7457490929706388 0.594068933452643 0.12869108610630278 0.17998987884037304
6 0.46371157778739464 0.37576917058081205 0.12439916098152412 0.1673078683170294
8 0.48644844488458344 0.99777516026923 0.07835490973373833 0.004449679461540157
8 0.4051255120642848 0.9961447708349258 0.08133404409314107 0.007710458330148384
8 0.44413467117362543 0.5686469153191402 0.24592060815287323 0.20391176820408993
3 0.4145029351090839 0.8944736679499762 0.14693924459225532 0.09247446828879476
0 0.3207505120642848 0.9936421261389501 0.08445904409314106 0.012715747722099735
0 0.760982152662616 0.40565117556013525 0.26139974251227593 0.2032593208208084
5 0.7204846378959736 0.7889719097751197 0.1390031014973429 0.15728042093374803
5 0.4270473802004536 0.7600986679499762 0.12991983277853744 0.15985938936371688
5 0.1686388872715759 0.3475861734939967 0.1394406984191348 0.16196792093374784
1 0.1519681821969107 0.5429896787556685 0.14656589226271874 0.17170694198043535
5 0.17351084796279148 0.993953668302912 0.036854715890154474 0.012092663394176029
5 0.13083382924398612 0.989554594639506 0.039000678452543756 0.02089081072098793
5 0.0924067136033888 0.989934026237772 0.04339644717134912 0.020131947524455997
3 0.13631853660642676 0.7274556840173404 0.15554531738749736 0.18466196828879458
4 0.4622997895175902 0.5999424179499762 0.9245995790351804 0.7508565307229851