6 0.2859375 0.0125 0.0375 0.025
6 0.321875 0.01328125 0.034375 0.0265625
6 0.3578125 0.01328125 0.0375 0.0265625
6 0.784375 0.13671875 0.11171875 0.0890625
6 0.21640625 0.1265625 0.11015625 0.075
6 0.203125 0.45234375 0.1125 0.1734375
6 0.50390625 0.653125 0.11015625 0.1609375
8 0.421875 0.01796875 0.075 0.0359375
8 0.503125 0.0171875 0.078125 0.034375
8 0.50546875 0.46015625 0.228125 0.190625
3 0.5046875 0.134375 0.13828125 0.084375
0 0.5875 0.0171875 0.08125 0.034375
0 0.20546875 0.640625 0.24296875 0.1890625
5 0.21015625 0.25703125 0.12578125 0.15078125
5 0.5046875 0.26875 0.11640625 0.153125
5 0.8 0.6640625 0.125 0.1546875
1 0.7984375 0.46875 0.13046875 0.1640625
5 0.734375 0.01328125 0.034375 0.0265625
5 0.77734375 0.01640625 0.0359375 0.0328125
5 0.815625 0.01484375 0.040625 0.0296875
3 0.796875 0.284375 0.1390625 0.1765625
4 0.5046875 0.42890625 0.90078125 0.6984375