6 0.9557638160212877 0.3434528253766086 0.029162122489011465 0.038956084186749604
6 0.9509938653026516 0.3793448227457727 0.03037777894826057 0.035922089448421346
6 0.9470051645840156 0.4152823227457727 0.030724622489011467 0.03904708944842135
6 0.7762235212715103 0.8346554070736966 0.1015488674670344 0.11768729991529554
6 0.8494185848029965 0.2672781912745636 0.08713952392628314 0.11374325256024882
6 0.5251114198511879 0.23502234421598311 0.1859238674670344 0.12260158404557524
6 0.2909464790539086 0.5241094180911505 0.1730770239262834 0.11874854195220053
8 0.9352073719986211 0.47907180696075713 0.04426174497802293 0.07709312101845249
8 0.9269706899390963 0.560367309591593 0.043046088518773826 0.08012711575678075
8 0.483741807283533 0.5369110679076238 0.21594457847481968 0.2392276419239657
3 0.8096097681687209 0.5551044149662043 0.09963611579304192 0.14241428413027996
0 0.9176059143388204 0.644742309591593 0.04339293205952473 0.08325211575678075
0 0.3365700371956247 0.2263999601845253 0.21611629617857445 0.2547616366622938
5 0.7196435218844983 0.25342925192496424 0.16387374163003815 0.13373650512049745
5 0.6752347681687209 0.5472779624624253 0.1659582110077853 0.12454351564384111
5 0.24714555356775558 0.8195661312594474 0.16856124163003816 0.13400952090551285
1 0.4426314753381311 0.8293792889684287 0.17862992871154013 0.140805552475544
5 0.9052105179235255 0.7918448227457727 0.030377778948260215 0.035922089448421346
5 0.8973164192382 0.8346315622224288 0.03680120071863584 0.03784861049510866
5 0.8946300858640008 0.8730038174841008 0.03419646602976236 0.04235409997176518
3 0.6271798971085065 0.8385554098457069 0.19199703756341754 0.14934609456891898
4 0.5150785181687207 0.5338051235787014 0.798328439736275 0.9323897528425974