4 0.527288040074406 0.5702981500636335 0.945423919851188 0.7336008654519036
3 0.8455528393769569 0.8907310181014954 0.14703819737065124 0.08753745735199914
3 0.22174909558253608 0.3248198286919079 0.15570758182280448 0.17970677601845378
8 0.5675162543287654 0.8742316720639515 0.21439741507440607 0.10392607336090762
8 0.660297097992114 0.9897232153683848 0.07169817009638316 0.020553569263230285
8 0.5778322935661753 0.9868931146960442 0.0749965918667586 0.026213770607911614
0 0.495887754451363 0.985607332690158 0.08489185717788494 0.028785334619684022
6 0.8368027082727887 0.7486253341024499 0.1315763947413025 0.1731840560152719
6 0.546266123224597 0.7319805373965426 0.1296670512005516 0.17004087468172652
6 0.237090105994283 0.5192783533577261 0.12897166005242894 0.17783519334818115
6 0.7931879850566663 0.3486344247692225 0.1347013947413025 0.17322041868236288
2 0.524240706353601 0.5405651967297699 0.1366107382820534 0.1763636000159085
5 0.2658849361430951 0.7224760786919079 0.13504994234867418 0.16230110001590853
1 0.28843658255839 0.8694238040260898 0.13037266674839837 0.07798064401654478
5 0.3534392697624894 0.9899718403484993 0.04305290478525663 0.0200563193030014
5 0.3142900588773017 0.9885908800127268 0.0371497483260077 0.02281823997454637
5 0.2744463088773017 0.9883636133434086 0.0355872483260077 0.023272773313182782
5 0.5028239697455399 0.34057428739654255 0.13643902057829854 0.16075678134945387
5 0.8171210414017926 0.5572372654359953 0.1437295512005516 0.17020450668363551