4 0.44444390075375517 0.5210840578208036 0.8888878015075103 0.8049763930939026
3 0.6756566698153048 0.8122345409741817 0.1445150166698994 0.09877367637256426
3 0.15959930104846845 0.30529823876891876 0.15047771637033702 0.190815310731967
8 0.40017830875519833 0.8247715093599076 0.2114154742462448 0.12052503327765152
8 0.4702361040537909 0.9353011116894441 0.07091827787978708 0.032980588186282134
8 0.38852371844787725 0.9390528078208036 0.07417082363742171 0.034834819467476665
0 0.30642869556906 0.9474920039521629 0.08392846091032524 0.040397513311060604
6 0.6942945837600475 0.6693906455914937 0.12653003333979881 0.18237732612300714
6 0.40631622269994105 0.6830945391019982 0.12471244182452992 0.1791064604824097
6 0.1374698542229688 0.500412951331308 0.12378767061270249 0.18677309484181243
6 0.7277275477144884 0.2693177127711951 0.12965503333979883 0.18266905740420175
2 0.42115932801017164 0.4917612219222969 0.1314726248550679 0.18593992304479912
5 0.1271389057304792 0.7029544887689188 0.13032471303635712 0.1718774230447991
1 0.1213996045128329 0.8492460262065293 0.12812474212409222 0.08794001996659091
5 0.16307730829615638 0.9655262100668178 0.04241064060688347 0.025667506655530303
5 0.12407858117497365 0.9683916010817508 0.036415732122152544 0.028209044093141244
5 0.08423483117497367 0.9721111749169825 0.034853232122152564 0.02806317845254398
5 0.4382664349873922 0.2916882891019982 0.13175966727872251 0.17046078868539646
5 0.7114814390702782 0.4778385299508964 0.13877494182452993 0.1804192512477858