4 0.53125 0.43515625 0.8734375 0.72265625
3 0.25234375 0.11796875 0.13828125 0.0859375
3 0.8140625 0.67734375 0.13515625 0.178125
8 0.52890625 0.13125 0.203125 0.1015625
8 0.44921875 0.01328125 0.06953125 0.0265625
8 0.53125 0.0171875 0.07265625 0.028125
0 0.61328125 0.01640625 0.08046875 0.0328125
6 0.2453125 0.26015625 0.11328125 0.17109375
6 0.534375 0.2734375 0.1109375 0.16953125
6 0.8203125 0.4828125 0.109375 0.1765625
6 0.24453125 0.66015625 0.11484375 0.17109375
2 0.53515625 0.46484375 0.1171875 0.175
5 0.8140625 0.2796875 0.11640625 0.1609375
1 0.8078125 0.1328125 0.12265625 0.0765625
5 0.75625 0.01171875 0.03984375 0.02265625
5 0.7953125 0.0125 0.03515625 0.02421875
5 0.83515625 0.0125 0.0328125 0.02421875
5 0.534375 0.66484375 0.11796875 0.15859375
5 0.24375 0.4515625 0.125 0.16953125