4 0.4818967032034915 0.4127078947593 0.9337022321123785 0.7934554305315134
6 0.23517362645608658 0.1437760646841299 0.1162306851080741 0.08364809484181253
6 0.494285382903821 0.25511419322019596 0.12269079534092668 0.16943972920121517
6 0.7602083793682598 0.4262228966314835 0.12785791430928928 0.1916064604824097
6 0.19164626705542767 0.46071385544950577 0.12742031738749732 0.18691896048240988
6 0.31546802308656025 0.021116682092507808 0.04250145382687949 0.042233364185015616
6 0.3504054746256643 0.01936629440533995 0.03737635690508752 0.0387325888106799
6 0.38329090744596295 0.01634513799936673 0.040063759983295456 0.03269027599873346
2 0.17896807154745625 0.02526395309908861 0.04675135690508751 0.05052790619817722
2 0.477073237313337 0.439489193220196 0.13508695174690005 0.18608578868539638
0 0.5063712200501135 0.1339475103998973 0.22418905074867154 0.0952753240430277
0 0.600040810524171 0.015113968282332801 0.08898087895165804 0.030227936564665603
0 0.17385065890255444 0.6513388554495058 0.24689964559048388 0.20581724916780625
5 0.45886104326195715 0.6262808760404945 0.13377416098152412 0.17202328868539637
5 0.7716810547008344 0.23696260919387271 0.13392002662212157 0.17358578868539637
5 0.2154001439271062 0.2726303928871165 0.1296281014973429 0.16079405740420177
5 0.742790762063275 0.004294555740824091 0.04362635690508761 0.008589111481648181
5 0.781072012063275 0.002434768823208244 0.040501356905087604 0.004869537646416488
1 0.779194346713996 0.09841063893596336 0.13073078202986607 0.0896483856071884
8 0.44322835898506696 0.020027033902049546 0.08541828202986608 0.04005406780409909
8 0.520353310524171 0.018651210066817848 0.08116837895165804 0.037302420133635696
3 0.7375794055747893 0.6188479935532755 0.15412868302809457 0.19096117637256427