4 0.525 0.46171875 0.8671875 0.71328125
6 0.25078125 0.1671875 0.11015625 0.0734375
6 0.52265625 0.30390625 0.1078125 0.16015625
6 0.80703125 0.5015625 0.1109375 0.18046875
6 0.23671875 0.4828125 0.1109375 0.1765625
6 0.31875 0.03515625 0.0359375 0.0703125
6 0.35390625 0.0375 0.03125 0.065625
6 0.38671875 0.03671875 0.034375 0.0609375
2 0.18203125 0.0328125 0.03984375 0.065625
2 0.52265625 0.48828125 0.11796875 0.17578125
0 0.5234375 0.1828125 0.2171875 0.075
0 0.60390625 0.04140625 0.08046875 0.0828125
0 0.23671875 0.6734375 0.2296875 0.18359375
5 0.521875 0.675 0.11953125 0.1609375
5 0.80078125 0.31171875 0.11796875 0.16171875
5 0.24296875 0.2953125 0.11640625 0.15078125
5 0.746875 0.04375 0.0375 0.06484375
5 0.78515625 0.04375 0.03515625 0.06484375
5 0.82421875 0.0453125 0.03671875 0.05703125
1 0.7953125 0.17265625 0.1234375 0.07890625
8 0.446875 0.0390625 0.078125 0.07734375
8 0.52421875 0.04140625 0.0734375 0.0828125
3 0.80234375 0.69375 0.13828125 0.17734375