4 0.5535571898252208 0.4747492868142228 0.7377325791755881 0.9337022321123787
6 0.8401094891129404 0.17303486356162762 0.0766199874635877 0.1162306851080741
6 0.7113014936652868 0.45767310711389325 0.16251202335696496 0.12269079534092686
6 0.5219197110706147 0.7605001106494544 0.1844779515702104 0.12785791430928944
6 0.5240753121533361 0.1884372229622866 0.1797904515702104 0.12742031738749732
6 0.9692196702624329 0.22867796693115397 0.061560659475134116 0.0425014538268794
6 0.9697652395419052 0.26405301539204995 0.06046952091618962 0.03737635690508743
6 0.971782380608132 0.29679258257175134 0.056435238783736 0.040063759983295456
2 0.9695402675177238 0.09174041847025799 0.06091946496455236 0.04675135690508749
2 0.5269264936652869 0.47488525270437715 0.17845527210332363 0.13508695174690005
0 0.8324179757185982 0.4471497699676009 0.08131951082055267 0.22418905074867154
0 0.9667886552187384 0.5144176794935433 0.06642268956252337 0.08898087895165804
0 0.3334503121533362 0.20623283111515983 0.19105822367353423 0.24689964559048388
5 0.34018501161197545 0.49153494675575715 0.16439277210332373 0.13377416098152412
5 0.7115816046441241 0.7365274353168798 0.1659552721033238 0.13392002662212157
5 0.711757168579827 0.177183346090608 0.15336434389007855 0.12962810149734288
5 0.9723118868430847 0.6576052279544392 0.055376226313830657 0.04362635690508761
5 0.9728915542025238 0.6958864779544391 0.054216891594952445 0.040501356905087604
5 0.974999623481996 0.7350948435950366 0.05000075303600795 0.04275116306150366
1 0.8504849802709448 0.7180766433037183 0.08171666442319178 0.13073078202986607
8 0.9668705659142599 0.3571676310326473 0.06625886817148015 0.08541828202986608
8 0.9656861506331381 0.4347301794935433 0.06862769873372372 0.08116837895165804
3 0.3295958187507468 0.773754084442925 0.1821258413827959 0.15412868302809474