4 0.4342477356283629 0.4500966590794224 0.8103988498840817 0.8913001968848497
2 0.09310017631337245 0.7409395855768082 0.08844968775644106 0.10245506175762475
2 0.6700897351340713 0.4455753289793976 0.18615235870696817 0.12558633636823108
0 0.23981600882288645 0.7405722095542762 0.19673171444818677 0.23201819279472174
0 0.2607465686321685 0.45670567491454006 0.1964133794672148 0.22420569279472174
0 0.008573880171471142 0.3847016089337732 0.017147760342942284 0.07903428213245363
6 0.4490318413324005 0.7383862692668369 0.20145902372599628 0.1182284774344577
6 0.46462098513407135 0.45155385900028017 0.19033052273741297 0.11322272868809904
6 0.13201270946808985 0.18811846245727004 0.1090168557412186 0.10929609514371963
6 0.0005306047154543999 0.6051050371470186 0.0010612094309087998 0.036664925705962935
8 0.006841613118411383 0.5448123948271505 0.013683226236822766 0.07600021034569907
8 0.008369621027076779 0.46903114482715047 0.016739242054153558 0.07443771034569906
5 0.7011765449433535 0.16141327764661412 0.1798386917107738 0.12384197994174029
5 0.6553136748304977 0.7316037571926429 0.1798386917107738 0.12384197994174037
5 0.11155965213026572 0.46026624709700614 0.0920840237259962 0.11504598997087001
5 0.007102892775906616 0.2434090192003299 0.014205785551813233 0.03505696159934022
5 0.01025839697738511 0.20349707304039585 0.02051679395477022 0.03519335391920828
5 0.008742317927912198 0.1637215192003299 0.017484635855824396 0.03661946159934022
3 0.2823947114452562 0.17437890822149266 0.18053902866891205 0.14102947994174028
1 0.49105212844145063 0.16674694998736472 0.19122186068413444 0.13509772868809908