4 0.53671875 0.453125 0.86875 0.77578125
2 0.25546875 0.1234375 0.1 0.084375
2 0.534375 0.6890625 0.1203125 0.18046875
2 0.190625 0.00859375 0.03046875 0.01640625
0 0.2515625 0.2703125 0.2265625 0.18671875
0 0.53515625 0.2796875 0.21875 0.18828125
0 0.61484375 0.015625 0.07890625 0.03125
6 0.24765625 0.4796875 0.11171875 0.19765625
6 0.534375 0.48359375 0.1078125 0.1859375
6 0.8078125 0.13984375 0.10625 0.1046875
6 0.32421875 0.01171875 0.03515625 0.0234375
6 0.3609375 0.0109375 0.03515625 0.021875
6 0.39453125 0.0125 0.0359375 0.025
8 0.4546875 0.0171875 0.075 0.034375
8 0.53046875 0.0171875 0.0734375 0.034375
5 0.81796875 0.70859375 0.11796875 0.17421875
5 0.2484375 0.6859375 0.11875 0.17421875
5 0.5359375 0.13046875 0.1125 0.0875
5 0.75625 0.01171875 0.03515625 0.0234375
5 0.79609375 0.0140625 0.03515625 0.028125
5 0.8359375 0.01171875 0.0359375 0.0234375
3 0.8171875 0.28984375 0.1359375 0.175
1 0.81875 0.4984375 0.1296875 0.1859375