4 0.5437524616561513 0.5016734076227376 0.7800542396482675 0.9184142566260632
2 0.8750762262904825 0.19929607264673083 0.08495678298109546 0.1054069956810633
2 0.30782859719477074 0.5144492196197851 0.18194995764913058 0.13192752775932134
2 0.9902972261922866 0.12709280074750576 0.015806807181592573 0.03225129549649317
0 0.7282239521881815 0.20480200031376702 0.18881810206654456 0.23857804595791848
0 0.7171990520152309 0.488996527611663 0.18877265027114642 0.2307655459579184
0 0.9807979437021703 0.5517621337209277 0.0317136083130606 0.08169009099298634
6 0.5188716780858806 0.21431310996677605 0.19752950585373236 0.12511632325581443
6 0.5132973471947707 0.5012821838408994 0.1865647347764936 0.11972791640826923
6 0.8554565343558377 0.7526911829180488 0.1053056444174139 0.1129586798265045
6 0.9863950004909793 0.26088680984680435 0.02363748789975162 0.03587694324473976
6 0.9869626270526084 0.29755549507197976 0.022074987899751618 0.03577681369509049
6 0.9852046843323965 0.33124937462162907 0.02520907825883114 0.03753957279438911
8 0.9801672055078313 0.391706013270577 0.034811337235821325 0.07720285009228504
8 0.9797263230924699 0.467487263270577 0.034802246876741806 0.07564035009228505
5 0.2866474470218201 0.7992945889904016 0.17569086729005096 0.12996450956072395
5 0.3126171329063408 0.22831146052048643 0.17569086729005096 0.12996450956072395
5 0.8664132568356913 0.48021540562015275 0.0881545058537327 0.11810725478036196
5 0.983881516205465 0.6929180598468043 0.02363748789975162 0.03587694324473993
5 0.9813059620489348 0.7329120041712784 0.02832498789975162 0.03617733189368764
5 0.9834179078924045 0.7726055598468043 0.023646578258831142 0.03743944324473993
3 0.7054019922013599 0.7716786196843837 0.17579086123992677 0.14715200956072394
1 0.4967991518422803 0.7866084145625679 0.18669199980360815 0.14160291640826905