2 0.0663499113141402 0.8294428417404849 0.02876535009228507 0.037010683480969676
6 0.05900088139535061 0.6905353819452477 0.03169009099298643 0.03419576389049528
6 0.05919184607789021 0.6571741922523919 0.03617733189368777 0.03153588450478395
6 0.05777024598560514 0.6228767123547734 0.03773983189368777 0.03169092470954684
8 0.058702887873755605 0.5647480829690622 0.049918459283868774 0.07637116593812436
8 0.05490845696751693 0.48130937317382505 0.04639294108527148 0.06981108552859858
0 0.05058309993540154 0.4016993932762065 0.05460595928386878 0.07683628655241304
5 0.04200223704319002 0.255683163378588 0.04761547964193439 0.040433665938124363
5 0.038567553977483016 0.21419939327620652 0.05220285009228507 0.03933628655241304
5 0.035182935686600664 0.17349687317382506 0.050740479641934386 0.04074374634765014
4 0.45886477174234164 0.5221685161050367 0.7490215114064253 0.931337850914731
6 0.19226276680509607 0.7712949488381875 0.08034643892580315 0.11509938962385657
2 0.18426528994093885 0.5011314400667649 0.07525842072720587 0.10838426900956791
5 0.17156052667958707 0.21808033078343514 0.07605945712440043 0.1208842690095679
5 0.3226011088778167 0.7943195358335089 0.14168445712440042 0.12739595760961003
5 0.31277102174234156 0.5076722569597049 0.14460919802510172 0.12458103801913581
6 0.3053848141565158 0.22282003839304515 0.1473336798265045 0.11864111842866168
6 0.5057139975267646 0.817146739790769 0.17087130937615386 0.12252922150010512
6 0.6784961512919909 0.5455141648742252 0.1584714389258032 0.122851399862002
1 0.6744852675802885 0.2648782767170914 0.16113536397194572 0.1401939400667649
3 0.4819473141565158 0.24033958153125373 0.1730741594684389 0.1569042215001053
0 0.4895337808416402 0.5283168000979134 0.19516800740125576 0.23517216375249728
0 0.6868638679771154 0.8335689035432663 0.18306852559985282 0.24018184211439397