2 0.171875 0.01328125 0.034375 0.0265625
6 0.3109375 0.01484375 0.03125 0.0296875
6 0.34453125 0.0171875 0.02734375 0.034375
6 0.37890625 0.01796875 0.028125 0.0359375
8 0.4375 0.02265625 0.07109375 0.0453125
8 0.52109375 0.02421875 0.065625 0.0421875
0 0.60078125 0.025 0.071875 0.05
5 0.746875 0.02578125 0.0359375 0.0453125
5 0.78828125 0.025 0.03515625 0.05
5 0.82890625 0.02421875 0.0359375 0.0484375
4 0.5203125 0.428125 0.8625 0.69296875
6 0.24296875 0.14375 0.1078125 0.0734375
2 0.5140625 0.153125 0.1015625 0.06953125
5 0.79765625 0.15859375 0.1140625 0.06796875
5 0.2328125 0.2734375 0.1140625 0.13515625
5 0.5203125 0.28203125 0.1109375 0.13671875
6 0.80625 0.29296875 0.1046875 0.14140625
6 0.228125 0.45625 0.10703125 0.1640625
6 0.51875 0.64765625 0.1078125 0.1515625
1 0.80078125 0.66171875 0.125 0.153125
3 0.80625 0.46953125 0.140625 0.1640625
0 0.5171875 0.45859375 0.2171875 0.18046875
0 0.2296875 0.6375 0.2234375 0.16875