2 0.7302171106922237 0.9142672005175942 0.03701068348096932 0.029569922808703807
6 0.5913096508969867 0.9248710927891679 0.03419576389049528 0.032421520735184825
6 0.5579484612041311 0.925466415079492 0.03153588450478395 0.036835618661666555
6 0.5236509813065127 0.9276925878881956 0.03169092470954702 0.03839811866166656
8 0.46552235192080127 0.9281313767666678 0.07637116593812436 0.05160074769092589
8 0.38208364212556417 0.933882382233288 0.06981108552859858 0.04792894354388864
0 0.30247366222794564 0.94007288510801 0.07683628655241304 0.056288247690925886
5 0.1564574323303271 0.9520731820450005 0.04043366593812432 0.04845662384546294
5 0.11497366222794565 0.9564770095191207 0.03933628655241304 0.05300742280870381
5 0.07427114212556418 0.9608124864748614 0.04074374634765014 0.05158162384546294
4 0.4443058552570706 0.5299077817149083 0.8886117105141412 0.7692089722911095
6 0.6720692177899267 0.7900183476901403 0.11509938962385675 0.08286987153638865
2 0.4019057090185041 0.8043609775678714 0.10838426900956791 0.07763556738935193
5 0.11885459973517425 0.8237034657396762 0.12088426900956795 0.07872917568342572
5 0.695093804785248 0.6594422909512051 0.12739595760961003 0.14435417568342573
5 0.408446525911444 0.6760015317149083 0.12458103801913581 0.1472057736099071
6 0.12359430734478431 0.6900803214418522 0.11864111842866168 0.1497839694628702
6 0.7179210087425082 0.4762196878409274 0.1225292215001053 0.17335817049962934
6 0.44628843382596434 0.3102398306781491 0.122851399862002 0.16099487153638864
1 0.1656525456688305 0.3208518678131948 0.14019394006676494 0.16406108294074045
3 0.14111385048299288 0.5135178214418522 0.1569042215001053 0.17636559330833315
0 0.4290910690496525 0.4991656296413898 0.23517216375249728 0.2002514441095366
0 0.7343431724950055 0.2951063888776867 0.24018184211439397 0.18829824825657368