0 0.6155365850481915 0.07060644675474734 0.07794817009638315 0.033564050748671415
4 0.5540766896537892 0.447104702162492 0.8918466206924215 0.7704135054067349
0 0.2643965630410957 0.13215105095646743 0.23262714976327956 0.11758792096481967
2 0.26984912440819897 0.2648696071128835 0.14598744234867417 0.17289848252898032
2 0.5405246565818466 0.16102133652189468 0.11561477560027562 0.09429386356061786
3 0.8229886089744749 0.1982146518294125 0.14669305789652115 0.08173204201316162
5 0.5568271550304519 0.30093801934219333 0.1336625681856704 0.15937742304479913
5 0.31589771664275035 0.6379634540346755 0.13678586411904964 0.17358578868539637
5 0.8614057912791949 0.5095168159309058 0.13956402057829892 0.17075251996659108
5 0.7573772415074406 0.0807552200491036 0.03975448301488118 0.02381327537433573
5 0.7980889523926283 0.08532897670463396 0.03836540478525663 0.025229909733738398
5 0.8363702023926283 0.08890268489926834 0.04149040478525663 0.02552164101493304
1 0.8411154441452642 0.3267043159309058 0.14234217703754765 0.1679192512477857
1 0.5772042130495704 0.4845317693421933 0.1433827076598007 0.1772942512477858
6 0.2922222368532563 0.4525154727534808 0.1296653471339308 0.19302309484181243
6 0.5974945601835013 0.6673442693421933 0.12393902057829873 0.1692938635606179
6 0.8783101537242523 0.6966521518294125 0.12862652057829854 0.1697314604824099
6 0.30989526531112643 0.033568896838269656 0.022915530622252867 0.011417118968362505
6 0.3389749370815019 0.0378299111893201 0.03263737416300376 0.015417312811946426
6 0.38367960885187735 0.043549581946343764 0.048609217703754745 0.02000096921791965
8 0.4474811241630038 0.05414464039053528 0.06839974832600752 0.031126356905087516
8 0.5270819132778162 0.06080253806099868 0.07447632655563226 0.030147319467476796