0 0.6140625 0.01328125 0.075 0.0265625
4 0.5296875 0.39765625 0.8546875 0.690625
0 0.25234375 0.10859375 0.221875 0.096875
2 0.24296875 0.2421875 0.12734375 0.1609375
2 0.528125 0.11171875 0.10703125 0.08359375
3 0.809375 0.12265625 0.1390625 0.06875
5 0.52890625 0.2515625 0.1171875 0.1484375
5 0.24765625 0.61484375 0.11875 0.1625
5 0.81328125 0.43359375 0.12109375 0.15859375
5 0.75625 0.01015625 0.03671875 0.0203125
5 0.796875 0.0109375 0.0359375 0.021875
5 0.83515625 0.0109375 0.0390625 0.021875
1 0.81328125 0.25078125 0.12578125 0.15546875
1 0.52890625 0.43515625 0.125 0.165625
6 0.24453125 0.4296875 0.109375 0.1828125
6 0.52890625 0.61796875 0.10625 0.16015625
6 0.809375 0.62109375 0.1109375 0.159375
6 0.309375 0.0046875 0.02265625 0.009375
6 0.33828125 0.00625 0.03203125 0.0125
6 0.3828125 0.0078125 0.04765625 0.015625
8 0.44609375 0.0125 0.06484375 0.025
8 0.52578125 0.01171875 0.071875 0.0234375