0 0.6149912154711247 0.01685376111828977 0.0768574309422494 0.026998837235821648
4 0.553001990781334 0.4007378817279904 0.8939960184373319 0.6955974264165509
0 0.2599373647344906 0.11006184299135827 0.22864915990702758 0.09816583098930573
2 0.2599041497675689 0.24360105083688058 0.13937884629715871 0.16168290944452862
2 0.5359371360218141 0.1147912913689108 0.11215007475773361 0.08499314441741398
3 0.8179519605274462 0.127365056003242 0.1438699683211162 0.069559041958086
5 0.5464972136295394 0.2546395865484506 0.12756726114786474 0.14911927693097135
5 0.29065031328089275 0.6162845719141193 0.13011310694082043 0.16319086729005078
5 0.8436010786161315 0.438325281900941 0.13301958565349709 0.1600840480082102
5 0.7569601941838012 0.01455598379453498 0.0389203883676025 0.020530668617910825
5 0.7976398245056322 0.01557358313060504 0.037467149011264314 0.022084078258831207
5 0.8359210745056321 0.015796296928055675 0.04059214901126431 0.02210225897699044
1 0.8308175833077085 0.255512781900941 0.13592606436617344 0.1569772287263694
1 0.5593353392597932 0.4382333365484506 0.13658162822814396 0.1663522287263694
6 0.27457792700697714 0.43111014119596014 0.12215849530842302 0.1834488251355733
6 0.5721188345682162 0.6210458365484506 0.11739458565349707 0.1599931444174139
6 0.8528061058555396 0.6258025560032421 0.12208208565349707 0.16002041549465282
6 0.3097027819309852 0.00648739109776431 0.022530563861970433 0.009502265027114648
6 0.3387182925746469 0.008218062740737237 0.03212408514929388 0.012681807181592356
6 0.3833588032183087 0.010039637974506343 0.04796760643661733 0.01589771077238853
8 0.4469678351492939 0.01509529751723086 0.06737317029858776 0.02538179508134395
8 0.526600704827463 0.014777655830291364 0.07351390965492613 0.023855656517662416