4 0.5015923372856118 0.6039461973093525 0.8750447393698628 0.792107605381295
2 0.7952902959006176 0.9544272690882029 0.10607143992586607 0.09114546182359433
2 0.4905283185964723 0.3859662726200838 0.12168157095872498 0.1862707110077853
6 0.4997198132389947 0.5823201552756471 0.11268851687504089 0.19616768038553262
6 0.7838492765785059 0.606851667483984 0.11592264427970278 0.1996395239262835
6 0.23610626885877553 0.9001487128043753 0.10897818511654282 0.0899176803855326
0 0.7910244034350133 0.812320417483984 0.23160220798203354 0.21403523493406879
0 0.5084574400955022 0.7879623270460225 0.2285317716843643 0.2152508913933179
0 0.21720741360181442 0.5595245648376856 0.23483633538669527 0.2175070784748197
1 0.21410222785229943 0.3591768692636243 0.12426093393541641 0.1709925545485363
5 0.5126687688587755 0.9308443661608348 0.11522818511654283 0.0906113674670344
8 0.22812509935132938 0.7607393692636244 0.22211808057737184 0.20986970431181576
5 0.7730407182336526 0.4087618630580453 0.12458831614940173 0.1803675545485362