4 0.51796875 0.43984375 0.84921875 0.71640625
2 0.23515625 0.128125 0.10234375 0.08515625
2 0.52109375 0.6671875 0.11484375 0.1734375
2 0.171875 0.0125 0.034375 0.025
6 0.30546875 0.01171875 0.0359375 0.0234375
6 0.3390625 0.009375 0.03125 0.01875
6 0.37265625 0.0109375 0.034375 0.021875
6 0.51875 0.47109375 0.10546875 0.18515625
6 0.234375 0.478125 0.10859375 0.18671875
6 0.79453125 0.12265625 0.10546875 0.078125
0 0.234375 0.27265625 0.22421875 0.18828125
0 0.5984375 0.0125 0.084375 0.025
0 0.5171875 0.265625 0.22109375 0.190625
0 0.8015625 0.4625 0.228125 0.1921875
1 0.79765625 0.66328125 0.11875 0.1578125
5 0.51796875 0.12265625 0.1125 0.078125
8 0.79765625 0.26171875 0.21484375 0.1859375
8 0.43046875 0.01328125 0.06640625 0.0265625
8 0.50703125 0.0140625 0.07109375 0.028125
5 0.23828125 0.67578125 0.11875 0.1671875