4 0.44646831348381805 0.576989152169069 0.8929366269676361 0.7468701540679856
2 0.7038763108367518 0.8985839322909539 0.10902507475773363 0.08797620435383635
2 0.45563373290005044 0.3495362747644073 0.12775293144645267 0.1774752139724834
6 0.5581817625621217 0.9997160628800996 0.03590464901126431 0.0005678742398007586
6 0.4442652721205027 0.5457118703179036 0.11914275595208465 0.18808533175849823
6 0.7291319450169805 0.5486112141421193 0.12248627723940828 0.1913194591631598
6 0.14411889858393578 0.8845188768565075 0.11171303218308677 0.08183533175849825
0 0.7147641703754624 0.7540799641421193 0.2382205378830699 0.19691967313564335
0 0.33250977320578345 0.9937748257680484 0.08612317029858776 0.012450348463903183
0 0.43145999747898445 0.7512351840202345 0.23520479852673154 0.19837304573098163
0 0.16085183858036317 0.5444295901960187 0.24156405917039342 0.20015380054030488
1 0.17879808129089608 0.34378474945184584 0.12978532500983522 0.16195934137714502
5 0.42068139858393583 0.894176652169069 0.11796303218308672 0.08205358656782166
8 0.1507180958698302 0.7453472494518458 0.22862701659574647 0.19346729092165801
8 0.5005331535276143 0.9960900658753244 0.06748243094224957 0.007819868249351103
8 0.42402528384944527 0.9939174414658876 0.07384169158591121 0.012165117068224873
5 0.73904716644019 0.3508185548862922 0.1304408888718056 0.1713343413771451