8 0.2390625 0.1390625 0.20234375 0.0796875
8 0.43984375 0.01875 0.0734375 0.0375
8 0.51953125 0.02109375 0.06640625 0.0421875
0 0.60546875 0.02265625 0.07421875 0.0453125
0 0.52421875 0.2703125 0.22890625 0.17265625
2 0.17421875 0.0125 0.0359375 0.025
6 0.31015625 0.01640625 0.0359375 0.0328125
6 0.34453125 0.01875 0.0375 0.0375
6 0.37890625 0.01875 0.03671875 0.0375
6 0.80703125 0.4546875 0.11015625 0.16171875
6 0.521875 0.44921875 0.10390625 0.16328125
6 0.23203125 0.44765625 0.1140625 0.16953125
3 0.23359375 0.26484375 0.1390625 0.15546875
3 0.803125 0.63984375 0.13046875 0.15546875
2 0.52109375 0.63359375 0.1140625 0.15546875
5 0.23515625 0.6359375 0.11640625 0.14765625
5 0.803125 0.2703125 0.11328125 0.13828125
5 0.74765625 0.01875 0.0359375 0.0375
5 0.78828125 0.01953125 0.0359375 0.0390625
5 0.8265625 0.01875 0.03828125 0.0375
1 0.8 0.134375 0.12265625 0.0703125
5 0.521875 0.13828125 0.1140625 0.06875
4 0.521875 0.41875 0.85859375 0.66640625