8 0.8498029851128038 0.2841823224764933 0.08914819892376151 0.2073012449116174
8 0.9607639480997012 0.4912688834214842 0.0409204065339754 0.07540279172311415
8 0.9547086931373023 0.5708335526887895 0.0452440334984459 0.06783595318850325
0 0.9491435897464802 0.6566891655336597 0.04880568114108108 0.07737472749876276
0 0.7052716193159848 0.5624600514455942 0.18250009263745515 0.23713258706427282
2 0.9793856313076968 0.22597143204200315 0.026673815963434676 0.0372476944820761
6 0.9691479904894873 0.3617042141541788 0.034486315963434676 0.03765713025772479
6 0.9652031991331583 0.3959563834214842 0.03924659057054072 0.03946529172311406
6 0.9636021577768297 0.43033138342148425 0.03924659057054072 0.03946529172311415
6 0.5077244154298246 0.8356098671402833 0.16759422249741007 0.11789126413349393
6 0.5264745312266437 0.5507402221832376 0.16730312406898662 0.11164126413349429
6 0.5415367208447801 0.2609783593383673 0.17406254631872747 0.12290631275401313
3 0.7242764462376743 0.27212165648854825 0.1627269400324213 0.14725121551297518
3 0.3227501019475893 0.8219999892574078 0.16236306699689199 0.13943871551297526
2 0.34213591853019654 0.5402962878779268 0.16156254631872766 0.12225121551297527
5 0.3531099216305685 0.2542359571452322 0.15226032092583336 0.12332239258219672
5 0.6922813519475893 0.8413663014455942 0.14281254631872747 0.12126856965141819
5 0.9464273504998472 0.7990813834214842 0.03917381596343468 0.03790279172311397
5 0.9437539607150949 0.8396654398439193 0.040736315963434674 0.03798467887824373
5 0.9427522328410014 0.877987633421484 0.03924659057054072 0.03946529172311415
1 0.828364401161801 0.8453654839418825 0.07606169396136267 0.12712242198083884
5 0.8374120312266436 0.5670357660540581 0.07406254631872748 0.1176655348257091
4 0.5569432812266436 0.5523370217082677 0.7056510339082216 0.8942589280852744