8 0.07248909509824221 0.7747360782238987 0.09745863477870331 0.21103205044290832
8 0.0015113264842365405 0.4825617927642993 0.003022652968473081 0.06981108552859858
0 0.007038156550254972 0.3967793329690622 0.014076313100509944 0.07949616593812436
0 0.22868703430680645 0.5026032054239831 0.19183335136685145 0.24517942252391975
6 0.43780492196023185 0.23808544958600614 0.17206907257314796 0.1254991812953424
6 0.40738823275166763 0.522699058869336 0.1715222684261109 0.11924918129534241
6 0.3804676904328256 0.8123877686645731 0.17872917568342572 0.13080684211439397
3 0.1977918914695848 0.7926855647073128 0.1684163922715738 0.15456652047629066
3 0.6226194193683338 0.26036396385041066 0.16773288708777762 0.14675402047629077
2 0.5916948822332879 0.541775053031359 0.1662291756834257 0.12956652047629086
5 0.569022342506344 0.8279451133385034 0.15699087672018486 0.1301987792477135
5 0.2530881693683337 0.22369695542398302 0.14734247464666642 0.1261435380191359
5 0.00849742224305578 0.25420423245715484 0.01699484448611156 0.03965846491430973
5 0.011055785720926112 0.21365675255953637 0.022111571441852225 0.03981350511907271
5 0.011983298680416815 0.1752979824571549 0.02396659736083363 0.04122096491430978
1 0.1168772672948152 0.21333345760961003 0.08097518086722197 0.1288518092143308
5 0.09645073275166757 0.4918460581215173 0.07872917568342572 0.1208842690095679
4 0.37691948275166764 0.5196757748764592 0.7408105702175909 0.9254221272289987