4 0.521875 0.41640625 0.8875 0.68515625
6 0.303125 0.01484375 0.03203125 0.0296875
6 0.3375 0.01328125 0.03671875 0.0265625
6 0.371875 0.015625 0.03828125 0.03125
6 0.52109375 0.2671875 0.12109375 0.16875
6 0.81015625 0.6515625 0.11328125 0.178125
6 0.21953125 0.44375 0.1140625 0.175
8 0.4328125 0.02265625 0.071875 0.0453125
8 0.515625 0.02265625 0.06796875 0.0453125
0 0.60703125 0.021875 0.078125 0.040625
0 0.23203125 0.1390625 0.23671875 0.07890625
5 0.753125 0.01796875 0.04375 0.0359375
5 0.79453125 0.0203125 0.040625 0.040625
5 0.83828125 0.0203125 0.04453125 0.040625
5 0.815625 0.45703125 0.1203125 0.1671875
5 0.5171875 0.6359375 0.11640625 0.165625
5 0.221875 0.6296875 0.11875 0.1625
2 0.22421875 0.26171875 0.12734375 0.1609375
2 0.51953125 0.4515625 0.12890625 0.16875
1 0.8109375 0.27421875 0.1390625 0.1515625
1 0.5203125 0.1296875 0.12890625 0.07265625
3 0.80859375 0.1421875 0.15 0.08671875