4 0.5364162266711732 0.4528993049830195 0.9113989016209147 0.7464350455998655
6 0.30364335517214314 0.0360403148703766 0.032286710344286276 0.0318727128732347
6 0.33796379146981226 0.03688154903093477 0.03842758293962456 0.029184755447881638
6 0.3724206370233086 0.041629033191492935 0.03859127404661713 0.03387225544788164
6 0.5304241430985763 0.30362592466118865 0.1277678798517325 0.17727233020561534
6 0.8329093138719669 0.7082141437386096 0.11872026206571747 0.185991766343645
6 0.23502734146196308 0.45910112043447376 0.12017363466105584 0.18297602698730664
8 0.4336036736837974 0.0529214482943006 0.07345734736759475 0.050338489608439806
8 0.5164161736837973 0.05871226240837256 0.07033234736759475 0.050119968321116336
0 0.607795141832632 0.06432276006258406 0.07954365626060227 0.04608803218308675
0 0.23688741950744613 0.15528770558376767 0.24022818511654281 0.09473261783658371
5 0.7537524825768049 0.07063238024495629 0.045004965153609786 0.038996798022528575
5 0.7952405781303011 0.07587153730199225 0.04204365626060227 0.04346577673520513
5 0.8389905781303011 0.07893083532452086 0.04516865626060209 0.04368429802252858
5 0.8315848829317753 0.5140653059914257 0.12615081614940174 0.17560056956195352
5 0.5393949268486583 0.6721027730520343 0.12140875244707079 0.17371028763096846
5 0.24386417203933491 0.6452025113999664 0.12442462504240899 0.1708038089182919
2 0.23335817014041832 0.277397652365459 0.13374506134007813 0.16989687278026225
2 0.5353001599736172 0.4878916640175269 0.1340178798517325 0.17770937278026225
1 0.8205134297590652 0.3309250240604405 0.144355179126093 0.16128669728589448
1 0.524841287293461 0.16607129433935777 0.13063493030721923 0.08083437278026225
3 0.8135590469121079 0.19872988309494788 0.15305556733052797 0.0979890217915266