4 0.5775211845958215 0.5496226550896526 0.6947019974538126 0.9007546898206948
6 0.9816290712921838 0.38931500367671107 0.0300511266709087 0.03384731969842587
6 0.9827915819541839 0.4238267047134704 0.02699885200509087 0.039823917624907425
6 0.9800478426161842 0.4579966531583315 0.031686352005090866 0.040234020735185186
6 0.7267490252625942 0.5852065362400912 0.1701681440165448 0.13663871196999972
6 0.33901047855668687 0.8406405811973141 0.17943405601527207 0.12808391819055523
6 0.553695522636865 0.2681968190862952 0.17632723734881744 0.12937301611703678
8 0.9723075206079118 0.5183189984929149 0.046148841343090295 0.07583933006601846
8 0.9713439099300032 0.6011314984929148 0.04611247867599957 0.07271433006601846
0 0.9710615519175946 0.6926060990112944 0.04153406667727211 0.0816792269557407
0 0.8582375719685015 0.3073535212543502 0.08088856269890776 0.24433505183796286
5 0.9732678472310955 0.8390416016031926 0.036446577339272326 0.046894123845462946
5 0.9704422918921413 0.8802428000480538 0.041097714672181596 0.044179226955740704
5 0.969933214552869 0.9239928000480537 0.041134077339272324 0.0473042269557407
5 0.5334780938892778 0.8631286102738415 0.16858746268299923 0.13493951093324058
5 0.35804447859645777 0.5490388415649067 0.16697041868236298 0.13011530989648107
5 0.36773075063654687 0.2542731457119437 0.1638817813494537 0.13296690782296264
2 0.7356722286362286 0.28880998986874856 0.1624283693507266 0.14220520678620333
2 0.5423922065961395 0.5675133139024989 0.1702408693507266 0.1428887119699997
1 0.7163451378899142 0.8744351315746746 0.15318063868554468 0.1523225005656478
1 0.864258115929367 0.5964549774749057 0.0733658693507266 0.13441324769092589
3 0.8484036598902323 0.8836426191808316 0.08924540802036277 0.1576552580585183