4 0.5184089334022696 0.5107941377781147 0.8322747227879944 0.898531528875879
5 0.8759647053628168 0.2222690107255063 0.09812951201463563 0.10837610226293633
5 0.4839521174013151 0.5035628998783631 0.19202496268299923 0.12142152380771343
0 0.9883061660367483 0.5924502213996989 0.023387667926503396 0.0907977168225127
0 0.47031906810944946 0.8089316559284873 0.2231851507001803 0.24815674063022614
2 0.8628492767345424 0.5049860619551703 0.08873633068109044 0.10675906010845856
6 0.8585457741088132 0.8065031101597722 0.08263178134945406 0.11922269867214012
6 0.7086590266947714 0.21114009230398723 0.188845418682363 0.11671584308955411
3 0.6964702987348605 0.5063616887131911 0.19229768268618094 0.14485902380771343
8 0.7015781587762222 0.8110582790722706 0.19956583736472577 0.23239538524403186
8 0.28292323002863506 0.21256921945479137 0.19949311203054404 0.22614538524403188
8 0.2691174580680878 0.5030942255049156 0.18539424936345314 0.2229385720123153
1 0.2499156614417223 0.7998374152982611 0.1858658693507264 0.129197662371395
1 0.4985027766947715 0.20991743900777865 0.19364200668363551 0.12611811416679294