4 0.5078125 0.4875 0.89296875 0.821875
5 0.2171875 0.1265625 0.1078125 0.096875
5 0.50078125 0.521875 0.1203125 0.18984375
0 0.58671875 0.01484375 0.08984375 0.0296875
0 0.80625 0.5390625 0.24765625 0.2203125
2 0.5 0.14296875 0.10625 0.0875
6 0.8015625 0.15078125 0.11796875 0.08203125
6 0.20703125 0.29375 0.11640625 0.18828125
3 0.50234375 0.309375 0.14296875 0.18984375
8 0.80703125 0.3078125 0.23203125 0.19765625
8 0.2109375 0.71953125 0.225 0.19765625
8 0.5015625 0.73671875 0.22265625 0.1828125
1 0.7984375 0.759375 0.12890625 0.184375
1 0.20703125 0.50390625 0.12421875 0.1921875