4 0.5541629745223218 0.48394242886927874 0.8916740509553565 0.932029443337681
5 0.8975431260821913 0.17650649462782572 0.10884110215590788 0.11232452564056317
5 0.5337066774053405 0.47851222022560763 0.2039784763189118 0.1291910020669146
0 0.5504231335137464 0.7847814909037721 0.24771313971932543 0.25713621960192584
2 0.9125262165201526 0.4600831280024372 0.0992926803855326 0.11032537799792799
6 0.93818411820262 0.7620095010379666 0.09443005454853619 0.12253427956950454
6 0.7292283845747507 0.17413712758815247 0.20033321100778528 0.12435795285270287
3 0.746380099175716 0.47017737365921103 0.2065798028745439 0.1526285020669146
8 0.7817598443989342 0.7747920990521052 0.2225414220155706 0.24041960049533806
8 0.30388068900068943 0.1978744580244986 0.2218477349340687 0.23416960049533803
8 0.31894963829052825 0.489299978702663 0.2074383913933177 0.2303896290313853
1 0.32924352466186896 0.787230210505698 0.19859558517078915 0.13671240363849116
1 0.5190721345747507 0.18392531224389028 0.20606124163003833 0.13395127667402046