4 0.50859375 0.38984375 0.86171875 0.7109375
2 0.228125 0.08671875 0.1015625 0.0796875
3 0.5125 0.103125 0.13203125 0.0953125
3 0.7953125 0.25234375 0.1359375 0.16875
6 0.79375 0.10234375 0.10625 0.084375
5 0.51015625 0.24453125 0.11328125 0.15546875
0 0.2234375 0.22890625 0.225 0.178125
6 0.2203125 0.42265625 0.11171875 0.17109375
8 0.509375 0.43828125 0.2203125 0.19453125
1 0.79609375 0.44140625 0.12265625 0.16015625
5 0.22578125 0.61953125 0.11171875 0.15390625
6 0.50859375 0.63359375 0.10390625 0.165625
5 0.79140625 0.63203125 0.11484375 0.15390625