4 0.42420622243161565 0.49594249271958846 0.7712493753012778 0.8707725067631774
2 0.1406935079688971 0.7728840640117722 0.08678944183801277 0.10248974801081764
3 0.13721432082246132 0.48869996801399934 0.10449039406758573 0.13235906134627218
3 0.2666568943196873 0.20762378536758935 0.17825567599857095 0.13790108402290802
6 0.11676615496334904 0.20744087734722663 0.09180472376899798 0.10723179201145401
5 0.2787844617879539 0.49268912869986214 0.16411676634364492 0.11431813335454458
0 0.2832087898998823 0.7792260653644076 0.19385853268728984 0.22707267202418074
6 0.4771773111872058 0.7846055507240429 0.17974176634364483 0.11449994668999892
8 0.47258909210978484 0.49572486405949723 0.20915575075630458 0.2225669853596351
1 0.45566476399785644 0.20904247672658816 0.16789733020561534 0.12372949602163538
5 0.6736698989343897 0.7814276487507689 0.16099176634364482 0.11428177068745349
6 0.6679562224316157 0.4987787807526779 0.17283620248167447 0.10505222135581711
5 0.6466175459288417 0.21594809941913243 0.16121028763096845 0.11740677068745357