4 0.5358542805936028 0.38984375 0.9122135928660896 0.7109375
2 0.23418896572322628 0.08671875 0.10713479282674845 0.0796875
3 0.5197112024816745 0.103125 0.13791489926336595 0.0953125
3 0.8129580939513701 0.25234375 0.14773764951546725 0.16875
6 0.8009065721598436 0.10234375 0.11215007475773361 0.084375
5 0.5272555407330616 0.24453125 0.12342606436617345 0.15625
0 0.23944418429644418 0.22890625 0.23745571337743776 0.178125
6 0.24986750411049932 0.42265625 0.12451867080279086 0.171875
8 0.5400226105471166 0.43828125 0.23386081981405518 0.19375
1 0.8269598818344402 0.44140625 0.13301958565349709 0.159375
5 0.2691030952118779 0.61953125 0.12320754307885 0.153125
6 0.5528989410048336 0.63359375 0.11470662822814397 0.165625
5 0.8356021803611717 0.63203125 0.12633254307885017 0.153125