4 0.4897922015688462 0.5394908607211383 0.891132260945 0.774656790981496
2 0.7928914273532691 0.8034610434542891 0.10168121838316732 0.08461249269530029
2 0.5201350478036199 0.8289530591854165 0.11185725478036197 0.09804273392387763
2 0.868119569702845 0.9099980445471025 0.034014054595791876 0.022005844300021237
0 0.7856925917589536 0.6665872532495263 0.2323280459579184 0.2093606688715699
0 0.4949512685031391 0.49730940969732373 0.23781658235511305 0.22232578948585874
0 0.4405755606035463 0.9492765405497579 0.07826470234403846 0.034159470033382176
1 0.23273517735326915 0.8590429568617914 0.13353199568106336 0.09708829679055846
6 0.7745083605758597 0.4797909831471447 0.12038925046142541 0.1827278143334036
6 0.20969488895348976 0.5240417470665544 0.12703976866002265 0.18959797515245516
6 0.4814232873200452 0.3107456999020866 0.115301232262828 0.17601269371911474
6 0.7358880606035463 0.9199739418495682 0.032952202344038464 0.029663304095257814
6 0.7001007549280203 0.9258836165591152 0.03577681369509058 0.025285884504783952
6 0.6648443753783709 0.9278095211662805 0.03597707279438911 0.02841088450478395
8 0.6075628015042477 0.9295622386401267 0.07554022054263569 0.04009938962385675
8 0.522506681053897 0.9395744297997052 0.07065246144333699 0.0365092690095679
5 0.2978571344776696 0.9673689692855639 0.03870155459579187 0.02247096491430973
5 0.25645088447766956 0.9714775347117808 0.041826554595791876 0.022781045323835514
5 0.21519482880214355 0.977929850137998 0.032151165946843904 0.01716330409525817
5 0.507217138335181 0.6887156596973237 0.12700019586563335 0.16475301535721804
5 0.22107937923588228 0.7139630171689358 0.13208821406423077 0.1714681359715069
5 0.7600989998431165 0.29174229345428904 0.1276009731635293 0.17412801535721806
8 0.19601671344592192 0.3351342872713173 0.23953976866002263 0.20076086989538452