4 0.415625 0.4450889886392096 0.690625 0.8589299042160501
2 0.1234375 0.7345641404229232 0.075 0.0981841298696164
2 0.125 0.4618806168839728 0.0875 0.10777731818121908
2 0.01015625 0.8045102219968229 0.01875 0.03313978246740419
0 0.26015625 0.7337402057647683 0.1875 0.22358532467404083
0 0.45703125 0.45217873985702556 0.2 0.2284910129856435
0 0.01328125 0.3771119249189221 0.0265625 0.07702615016215582
1 0.1234375 0.17440789042292315 0.084375 0.12959777110331833
6 0.446875 0.7312622678602028 0.171875 0.11237508928453757
6 0.45859375 0.1669952163180752 0.178125 0.11873418344033877
6 0.64375 0.4473570519524599 0.165625 0.10757849512873605
6 0.01328125 0.6724244249189221 0.0265625 0.03171365016215581
6 0.0109375 0.6365278352273476 0.021875 0.03475682954530477
6 0.0125 0.6013443116883973 0.025 0.034811376623205346
8 0.01640625 0.5442448778410214 0.0328125 0.07401024431795715
8 0.01484375 0.4591159013799718 0.0296875 0.0692681972400564
5 0.009375 0.23421135876629795 0.01875 0.0378272824674041
5 0.009375 0.19280510876629794 0.01875 0.0409522824674041
5 0.00703125 0.15143976907472348 0.0140625 0.031495461850553054
5 0.265625 0.4555197483784422 0.153125 0.11986030681713337
5 0.26875 0.1695277013005415 0.159375 0.12465690097293466
5 0.63515625 0.7256320564166868 0.1625 0.12002394805083547
8 0.64765625 0.1621326181050841 0.178125 0.23123418344033872