4 0.54765625 0.415625 0.84765625 0.68984375
2 0.26328125 0.1234375 0.09609375 0.07578125
2 0.5359375 0.125 0.10546875 0.08828125
2 0.1953125 0.01015625 0.03359375 0.01953125
0 0.26171875 0.26015625 0.2203125 0.18828125
0 0.53984375 0.45703125 0.22421875 0.19921875
0 0.62265625 0.01328125 0.0765625 0.0265625
1 0.8234375 0.1234375 0.12734375 0.08515625
6 0.2609375 0.446875 0.10859375 0.171875
6 0.825 0.45859375 0.115625 0.178125
6 0.54140625 0.64375 0.1046875 0.165625
6 0.32734375 0.01328125 0.03203125 0.0265625
6 0.36328125 0.0109375 0.03515625 0.021875
6 0.3984375 0.0125 0.03359375 0.025
8 0.45546875 0.01640625 0.0734375 0.0328125
8 0.540625 0.01484375 0.06875 0.0296875
5 0.765625 0.009375 0.03671875 0.01796875
5 0.80703125 0.009375 0.040625 0.01796875
5 0.8484375 0.00703125 0.03125 0.0140625
5 0.53984375 0.265625 0.1171875 0.153125
5 0.82578125 0.26875 0.121875 0.15859375
5 0.26328125 0.63515625 0.1171875 0.16171875
8 0.8265625 0.64765625 0.228125 0.17734375