4 0.53515625 0.48828125 0.859375 0.753125
6 0.2671875 0.17109375 0.11015625 0.08359375
6 0.25390625 0.5078125 0.1140625 0.19375
6 0.54140625 0.72578125 0.10859375 0.18359375
6 0.8203125 0.74609375 0.109375 0.17734375
6 0.34296875 0.03046875 0.03828125 0.0609375
6 0.37890625 0.03046875 0.0328125 0.0609375
6 0.41328125 0.03515625 0.034375 0.06875
5 0.26015625 0.3078125 0.11875 0.1640625
5 0.54375 0.325 0.115625 0.16171875
5 0.8234375 0.54375 0.1140625 0.178125
5 0.76796875 0.06875 0.03671875 0.06171875
5 0.80703125 0.0734375 0.03359375 0.059375
5 0.8453125 0.07421875 0.034375 0.05625
2 0.203125 0.0234375 0.03984375 0.04609375
8 0.47265625 0.04140625 0.07890625 0.0828125
8 0.55234375 0.05 0.07578125 0.0859375
0 0.63125 0.05703125 0.078125 0.08828125
0 0.54453125 0.521875 0.221875 0.20546875
0 0.25234375 0.715625 0.23828125 0.20078125
0 0.8140625 0.2171875 0.21328125 0.0875
3 0.76875 0.01328125 0.03984375 0.0265625
3 0.8078125 0.015625 0.0328125 0.03046875
3 0.8453125 0.01875 0.03984375 0.0375
1 0.82109375 0.3484375 0.121875 0.15859375
2 0.54296875 0.1875 0.10703125 0.08671875