4 0.4469741374866447 0.5442237914893662 0.8856747045234725 0.8132183540139544
6 0.7038664559134811 0.8801494918773537 0.11388393992586607 0.09213250569998302
6 0.7289061837657804 0.5443594573484785 0.1208283990890262 0.20172602698730663
6 0.44901782024093484 0.30628674891471924 0.11581351687504089 0.19202324505632146
6 0.17082089837123596 0.2664712240210995 0.11559526206571755 0.18577324505632148
6 0.623174472703704 0.9918477364679094 0.039627984390903495 0.01630452706418133
6 0.5872369727037039 0.9906731845485457 0.03494048439090349 0.018653630902908704
6 0.5530256638106965 0.9851471273073512 0.036775802902557685 0.029705745385297532
5 0.7156720298674308 0.7439224147738315 0.12447918874473984 0.17236630891829172
5 0.43267848059307024 0.7069041079492265 0.12129962504240907 0.17058528763096845
5 0.1606298989193901 0.46859645273377604 0.12028276206571756 0.18610102698730663
5 0.19951128341080993 0.9474752055837676 0.03968254809323426 0.06512225544788172
5 0.1606124745178025 0.9400561894922242 0.0364484206885725 0.0617787341605581
5 0.12235850636896792 0.9365980537225118 0.036339293283910834 0.0586537341605581
8 0.4938689186200199 0.975665725572146 0.0810168762235353 0.048668548855707885
8 0.4144815189828397 0.9678560844806027 0.07800100362819702 0.06428783103879461
0 0.3358208056433285 0.961136372906313 0.08118056733052796 0.07772725418737388
0 0.4387722570867581 0.5099744776273958 0.22907740870767307 0.22176501139996638
0 0.7377256561757843 0.3366562179921402 0.2445387176006804 0.21817011783658372
0 0.15860108513224122 0.7958145165957464 0.21555556733052791 0.10235944753799586
3 0.19679302197806453 0.9940938434471672 0.04155258293962456 0.011812313105665596
3 0.15781236753156083 0.9905209112059726 0.03390377404661713 0.01895817758805478
3 0.12042149493622253 0.9859482076774546 0.04193452885594055 0.028103584645090864
1 0.15615318612803314 0.6640728436992687 0.1274404976377473 0.16789733020561534
2 0.42865812478795495 0.8444587382710574 0.10930556733052796 0.09492972376899793