4 0.5579490716513542 0.44459682801017164 0.8841018566972915 0.8232751666989945
6 0.2831597876454067 0.14928342544449444 0.11725174459225532 0.0933032030344175
6 0.3013125831941295 0.487086314384388 0.13214983943406794 0.20306084030732113
6 0.6091608400574559 0.6815866449796335 0.12658714559048398 0.19330320303441742
6 0.8899633433852209 0.679132227241869 0.12600368302809456 0.18705320303441741
6 0.34581312999164776 0.01723587764541696 0.04318875998329554 0.03447175529083392
6 0.38175062999164777 0.0156734421143939 0.038501259983295545 0.0313468842287878
6 0.4165632269134397 0.018599200219822646 0.040793088186282134 0.03719840043964529
5 0.28889178119767234 0.28657613135384985 0.13406589226271876 0.17375597758022465
5 0.5740900532442429 0.2806140763431817 0.1307950266221214 0.17193838606495565
5 0.8741987429278678 0.47653338572659987 0.13069118302809457 0.18743584030732113
5 0.7743868381862822 0.019420904607120155 0.0433346256238929 0.03884180921424031
5 0.8138869351080741 0.019325309757871195 0.03991789434269819 0.03865061951574239
5 0.8522411179283728 0.017372249226848137 0.03962616306150366 0.034744498453696274
2 0.2053129846089598 0.015976073178379683 0.04500096921791963 0.031952146356759366
8 0.476521689475829 0.02370927612820822 0.08585587895165805 0.04741855225641644
8 0.5570114504991143 0.025471211429710306 0.08302261023285276 0.05094242285942061
0 0.6365740958818022 0.02622070392825555 0.08629347587345002 0.0524414078565111
0 0.5932503739595054 0.4774253034643644 0.2411292645588464 0.2243614975841041
0 0.31915021339357325 0.6950263601420226 0.25617080199645714 0.21938695516044932
0 0.8343378240430276 0.15073616027240708 0.22066847587345 0.1048462230382968
1 0.8536217878532029 0.2814122043630517 0.13675329534092667 0.16932356909549373
2 0.5604726268716786 0.14317784922199897 0.11441847587345003 0.09617311151914842