4 0.53984375 0.434375 0.840625 0.675
2 0.2 0.02421875 0.03984375 0.0484375
2 0.5359375 0.4625 0.11328125 0.16328125
6 0.33671875 0.0328125 0.03671875 0.06328125
6 0.371875 0.0296875 0.0296875 0.05625
6 0.4046875 0.03125 0.0328125 0.05625
8 0.46328125 0.0359375 0.0703125 0.071875
8 0.53984375 0.040625 0.06953125 0.06796875
0 0.621875 0.04453125 0.078125 0.07890625
5 0.76015625 0.04921875 0.03828125 0.053125
5 0.8 0.05 0.0390625 0.0546875
5 0.8359375 0.05234375 0.03671875 0.05
5 0.2515625 0.63828125 0.11953125 0.15
5 0.5359375 0.63984375 0.115625 0.15
5 0.81484375 0.65703125 0.1171875 0.1453125
6 0.253125 0.45234375 0.115625 0.16796875
6 0.5375 0.2890625 0.10859375 0.1484375
6 0.80625 0.178125 0.10703125 0.08203125
1 0.53671875 0.1640625 0.12265625 0.07578125
1 0.81796875 0.4734375 0.12578125 0.153125
2 0.25390625 0.15078125 0.103125 0.06640625
0 0.25390625 0.278125 0.225 0.16953125
3 0.81640625 0.30234375 0.13671875 0.153125