4 0.5970673179076238 0.5233857434025894 0.7239608307794547 0.8602654940609982
2 0.9810140525461314 0.17160766541413564 0.03797189490773718 0.04203438730530311
2 0.5687148047534443 0.5202978473217976 0.16905237884037305 0.11722826708875882
6 0.9772285353751107 0.3085764680005604 0.04554292924977865 0.03931856426490725
6 0.9814911011460087 0.3436417897873151 0.03701779770798268 0.031324207838416565
6 0.9816199037627271 0.3764997538939377 0.03676019247454576 0.03444920783841656
8 0.9765302208490432 0.43522989621380576 0.04693955830191356 0.07240384890464338
8 0.9772201010754216 0.5119287885336739 0.04555979784915678 0.07075042069139795
0 0.9751756063017998 0.5940736988002305 0.04964878739640035 0.08039820533113406
5 0.9837003733316461 0.7324913411200985 0.03259925333670779 0.039045779625171306
5 0.9840566891025443 0.7723578231734098 0.03188662179491146 0.04065374373179385
5 0.9851260009271886 0.8083635193333439 0.029747998145622744 0.038954851411925874
5 0.3763705971291677 0.2410375593168493 0.15691639988706055 0.12311455423577744
5 0.39137105475344425 0.5254580234234719 0.1567343893637168 0.11998955423577726
5 0.3904279939618693 0.8048643785963214 0.15213789462538863 0.12141566191590947
6 0.5623991023908396 0.23718983062875026 0.17548438936371688 0.1205351235152495
6 0.7422433100151161 0.5168138314866801 0.1548078683170294 0.11369409012915473
6 0.868833715022674 0.7823358799164697 0.08752936305535783 0.11017663354437932
1 0.8671978073842801 0.5123954529568656 0.0820984104104042 0.12405727711788864
1 0.574203754485213 0.8026473460681565 0.16040542093374804 0.1294554824490227
2 0.8640071050216754 0.22919650805057282 0.0716313472703419 0.1050344924781526
0 0.7366633550216755 0.23290183274032134 0.18185475768074627 0.2299101235152495
3 0.7452064992235412 0.796106526392973 0.16113346302712267 0.1419554824490227