4 0.4263429427791249 0.4981591382190732 0.6896731639552829 0.8996798478799988
2 0.01740718364715259 0.8021188660697686 0.03481436729430518 0.043300232139537084
2 0.454399758931749 0.5045260068807399 0.1644636948044244 0.12671690782296263
6 0.02640608259149238 0.6661519717719443 0.05281216518298476 0.042968041470370366
6 0.02355381798099578 0.6307223196984258 0.04710763596199156 0.03460873732333329
6 0.024635076909449518 0.5980465207351852 0.049270153818899036 0.037733737323333114
8 0.031560096998470434 0.5398628738454629 0.06312019399694087 0.07660074769092588
8 0.033783980318016174 0.4637104769557407 0.06756796063603235 0.07476484561740726
0 0.03883769602388811 0.3820209795476388 0.07767539204777622 0.08496005183796278
5 0.045032261771122815 0.24414983265791657 0.053779564934808156 0.04214783524981467
5 0.04650898701435648 0.20437443317629617 0.05536933847375849 0.04384703628657398
5 0.0494800284102143 0.1686419847314351 0.050654564934808154 0.04187443317629622
5 0.6252172248427872 0.8042798735161562 0.15207278896022594 0.13187329952888865
5 0.631743508931749 0.5200415745529154 0.15201824188232518 0.12874829952888867
5 0.6537993356343847 0.24263903595726727 0.14735801542127547 0.12990069641861082
6 0.4393069983817375 0.7864499501418047 0.17076824188232517 0.1303887119699997
6 0.28098953247069935 0.4877896918004624 0.15034664772652384 0.12236159849212935
6 0.17474308117015785 0.20933391819055522 0.08310460064862309 0.11335845391148132
1 0.1559758957012242 0.47763485885972196 0.07712733603812652 0.12843664976444416
1 0.4702601327122854 0.22345166413805467 0.15530688311602728 0.1383967016024071
2 0.13775813515121266 0.7592854000472682 0.06742505357072241 0.10886644354388864
0 0.2651018851512127 0.7704265345431477 0.17267738960884893 0.2397637119699997
3 0.2991391091733351 0.21004540061291607 0.15552507142762995 0.15089670160240712