5 0.2734375 0.29140625 0.12265625 0.1703125
5 0.55859375 0.28828125 0.115625 0.16171875
5 0.78671875 0.03125 0.0375 0.05625
5 0.82578125 0.03515625 0.03671875 0.06953125
5 0.86484375 0.034375 0.03515625 0.0609375
5 0.82734375 0.15234375 0.10546875 0.06640625
0 0.83046875 0.67890625 0.2171875 0.16875
0 0.6453125 0.03359375 0.08125 0.06640625
2 0.20859375 0.02265625 0.0421875 0.0453125
6 0.35234375 0.028125 0.03515625 0.04921875
6 0.38515625 0.0265625 0.03359375 0.053125
6 0.42109375 0.0296875 0.03203125 0.053125
6 0.8375 0.3 0.10546875 0.16328125
6 0.55546875 0.67265625 0.10625 0.15703125
6 0.27265625 0.4921875 0.11328125 0.18359375
8 0.27265625 0.6796875 0.21484375 0.1734375
8 0.5578125 0.48671875 0.21171875 0.190625
8 0.83515625 0.4921875 0.21015625 0.190625
6 0.27578125 0.1515625 0.11484375 0.071875
3 0.55625 0.1515625 0.13125 0.0609375
8 0.48515625 0.03046875 0.07109375 0.0609375
8 0.5625 0.034375 0.0703125 0.06796875
4 0.5515625 0.4484375 0.83515625 0.69296875