5 0.721329306243525 0.2981821390070431 0.17598891935425698 0.12782244355406328
5 0.737735672040344 0.5834475164117048 0.16788532092583336 0.12129962504240907
5 0.9881968596962644 0.8205482454451307 0.02360628060747132 0.03946429328391084
5 0.9840284172850875 0.8594743361893034 0.031943165429824914 0.039900802902557334
5 0.9873182371774639 0.8985641180404688 0.025363525645072115 0.03650298439090349
5 0.8861904044625515 0.8569445585144895 0.07057367328319834 0.1085416754978958
0 0.3597734536767632 0.8416815908289909 0.17886567038771412 0.2230803798517325
0 0.9808787614749834 0.6790601498916343 0.03824247705003323 0.08354167549789597
2 0.9817102264263514 0.24272334580795035 0.03657954714729712 0.04376984736759475
6 0.9812425766121031 0.3862823728497923 0.03751484677579384 0.036121038474587405
6 0.9820067099867147 0.41914943655212317 0.035986580026570535 0.03623016587924912
6 0.9813175052719849 0.45497780914746144 0.03736498945603017 0.033105165879249124
6 0.7390071894087396 0.8619445386442234 0.16744867328319835 0.11192462504240908
6 0.3532151228261323 0.5668998456383143 0.16119867328319826 0.11170637023308565
6 0.5205116689399721 0.29038945325752813 0.1896147717116218 0.11893851687504098
8 0.33301166893997214 0.28384180897782546 0.18348039578060832 0.22168157095872498
8 0.5392617847367911 0.5757366762156861 0.2005223465663967 0.21915677168436448
8 0.5467105274980808 0.8528894532575283 0.20037679735218497 0.21603177168436433
6 0.8612822181541837 0.3054093403656547 0.07726032092583353 0.1181349303072194
3 0.8743452601296852 0.5858780903656547 0.0670505669968918 0.13337798439090331
8 0.979992599771467 0.5190130272962961 0.040014800457066 0.0740029843909035
8 0.9779057149491134 0.596220368040469 0.0441885701017732 0.07271330290255769
4 0.5772519363083677 0.570761422502671 0.732611640194528 0.8584771549946579