5 0.7229240021477066 0.3105733248513425 0.17669969810012062 0.1308006999091429
5 0.7409934079588864 0.5958933491616019 0.16855964947960161 0.12414126413349429
5 0.9904362683731366 0.837488786180446 0.019127463253726874 0.040447937584671224
5 0.9863817328122584 0.8763465682926217 0.027236534375483144 0.041103034825709275
5 0.9897900158289452 0.9154500118701867 0.020419968342109483 0.03756859905006031
5 0.8910154986412036 0.8717675316578906 0.07119332654882342 0.1096892605154494
0 0.3646167729514631 0.8472965603791639 0.18013231456303558 0.22603131275401295
0 0.982642039517607 0.6959597054477515 0.03471592096478595 0.08468926051544959
2 0.982256979307785 0.25981416553365977 0.03548604138442997 0.04456222749876284
6 0.9822198973876659 0.4032775604907057 0.035560205224668094 0.03699538896415202
6 0.9830797125165283 0.43617194764583544 0.03384057496694339 0.03715916327441171
6 0.9824998583780854 0.4719456733355759 0.03500028324382924 0.034034163274411534
6 0.743891515149547 0.8741854454981288 0.16806832654882306 0.11476626413349429
6 0.35645463364862684 0.572624108999683 0.16181832654882305 0.11443871551297527
6 0.5221018085701417 0.29926957541716936 0.1902708751693421 0.1221626843053107
8 0.3346018085701417 0.2894431168015991 0.18473792740790573 0.2247144742194024
8 0.5425149643813214 0.5847124304601234 0.20176165309764613 0.22249023292582973
8 0.5515811844168523 0.8617695754171694 0.2015978787873868 0.2193652329258299
6 0.8628905828804012 0.3202459752354553 0.0779346494796016 0.11939180913596861
3 0.8775893272261917 0.6007147252354553 0.06781602103089916 0.13444359905006031
8 0.9813025285499017 0.535967229758011 0.037394942900196425 0.07506859905006032
8 0.9794434574281456 0.6131062618701867 0.041113085143708615 0.07391553482570909
4 0.5804686657608025 0.5725511086609988 0.7374777408392875 0.8548977826780024