4 0.55625 0.4140625 0.846875 0.6875
6 0.2828125 0.11796875 0.1125 0.0625
6 0.2796875 0.6328125 0.109375 0.17265625
6 0.56015625 0.121875 0.10546875 0.0703125
6 0.83828125 0.23984375 0.1078125 0.178125
6 0.35 0.0140625 0.034375 0.028125
6 0.38515625 0.01328125 0.0359375 0.0265625
6 0.41953125 0.01640625 0.03515625 0.03203125
2 0.21328125 0.0109375 0.0359375 0.021875
2 0.559375 0.25 0.11484375 0.17421875
8 0.27734375 0.24609375 0.225 0.1890625
8 0.4765625 0.0203125 0.07265625 0.03984375
8 0.55859375 0.01875 0.07109375 0.03671875
0 0.64296875 0.01953125 0.0734375 0.03828125
0 0.83671875 0.615625 0.2203125 0.1734375
5 0.56015625 0.43828125 0.11640625 0.1765625
5 0.77734375 0.01328125 0.0390625 0.0265625
5 0.81796875 0.0125 0.0359375 0.025
5 0.8578125 0.0140625 0.0375 0.028125
3 0.275 0.44140625 0.13671875 0.1796875
8 0.8390625 0.4296875 0.21875 0.19140625
5 0.8328125 0.11015625 0.09375 0.05546875
1 0.56015625 0.625 0.1203125 0.15703125