4 0.5224503742268481 0.37841638032484165 0.9029951333591957 0.7417702159099321
6 0.2731827952985926 0.09984530151347289 0.1176018303053814 0.06970932757475112
6 0.22803146815801317 0.6148893106127715 0.12340503333979883 0.17888406847545255
6 0.5502076809045062 0.08597855645071836 0.1119895590935542 0.07712130937615384
6 0.8187029762030988 0.18612424661313923 0.12235271637033698 0.18503393892580317
6 0.3488520881812892 0.0033987029623473 0.03667082363742162 0.0067974059246946
6 0.38407211106010647 0.001516027916204768 0.038105777879787084 0.003032055832409536
6 0.41819201954483737 0.0031239454826499065 0.036925915152690794 0.006247890965299813
2 0.21238842969655827 0.00467940314691743 0.03772314060688346 0.00935880629383486
2 0.5389676787784744 0.21415362122554304 0.1299101248550681 0.18240958667404977
8 0.2572552931725607 0.22832075493724552 0.24043303667377874 0.20348115514950224
8 0.47490440515075105 0.0061942334994457195 0.07519118969849785 0.012388466998891439
8 0.5570632009083856 0.002003332821151041 0.07493609818322895 0.004006665642302082
0 0.7864657214919931 0.5620056261627886 0.23447007909743345 0.18755576650055428
5 0.5243796649835128 0.4023848064507184 0.13003767061270252 0.1839720866740498
3 0.23896832346824376 0.42378344926171946 0.1521677621279715 0.1884989003691402
8 0.8039874166505028 0.37591793183831457 0.23431058243141328 0.20464313695090502
5 0.8238205240867653 0.056787200036911845 0.09834164727484307 0.06225777297895925
1 0.5091379469461859 0.5891035564507183 0.1330670757634536 0.16395997532299766