4 0.44768786432629887 0.4321612425856262 0.751672350228359 0.8643224851712524
6 0.172313969104828 0.7123806417873235 0.0710247402517377 0.11504667984777565
6 0.687394517445154 0.6945273665412715 0.18016294191141177 0.116378369581383
6 0.15520436640089125 0.43487772429683746 0.07836364357108563 0.10911501482874755
6 0.25209806411187297 0.1519458660841609 0.18629454274124865 0.11507053756616062
6 0.06331655478781797 0.6494269970342504 0.030729781743586537 0.035521005931499164
6 0.05987132345914994 0.6143025805323477 0.029285680913749567 0.037019838935304604
6 0.0603915417155634 0.579800246539959 0.03385478174358654 0.03564833992388792
2 0.07055148217708257 0.7862730810266393 0.024598180913749546 0.03682883794672147
2 0.28338856598597273 0.4304382806088974 0.18376153859206373 0.12275570357377177
8 0.3008533662003986 0.7126286980993835 0.2061119805034755 0.23270370653952135
8 0.059976222004613035 0.522609829049473 0.04607136182749909 0.07353034190105419
8 0.052197765571054267 0.44064224604566726 0.04294636182749909 0.07340300790866543
0 0.046585460382250976 0.3562354125475701 0.04306476099766212 0.07496550790866544
0 0.627997713282036 0.13819645349940973 0.19013178299298622 0.22737953657757748
5 0.4716106164008913 0.4219851575674731 0.1853240385920639 0.12281937056996632
5 0.030153131748230914 0.2221150805323477 0.029522479254075595 0.04014483893530461
5 0.026293503323992294 0.18152191403044488 0.027723180913749545 0.03695617193911027
5 0.02483682448483518 0.14161449703425047 0.030966580083912575 0.03864600593149907
3 0.49634346495564313 0.7070140735750844 0.19010662697434616 0.14482170456235507
8 0.44188261452679145 0.14342907604654237 0.20720088382282337 0.22651737353571577
5 0.12282496120744357 0.16269897676829542 0.06335395020978143 0.09604201186299806
1 0.6583293664008913 0.4143769515222434 0.16536673610255298 0.12667919961943924