4 0.5844296299365505 0.48384970536102656 0.7370437754821975 0.9388628660666034
6 0.8501339531727101 0.16808478896681642 0.11374009618646852 0.12690914772652379
6 0.9874231328469574 0.26565744400023616 0.02515373430608534 0.03810001785690744
6 0.9857477882005103 0.30400687784761204 0.028504423598979402 0.03812729139585782
6 0.9864298344796459 0.34305574107813686 0.027140331040708076 0.0381545649348082
6 0.3295610806621899 0.5054964289794072 0.17898315027015244 0.11711713636243815
8 0.9809710081634435 0.410338698464463 0.03805798367311297 0.08215002678536117
8 0.9785925418287075 0.4971256323118389 0.04281491634258501 0.08072389448011279
8 0.8286533782072698 0.7617899245184756 0.09760915389834963 0.20158186525911964
8 0.5072470487262064 0.17641508076641604 0.21525301088459123 0.2614126071414449
0 0.527944016959859 0.500470189532714 0.19272324645662095 0.24228077759614006
0 0.7020462381887365 0.7851064679429284 0.17370042794496676 0.23414099512873604
0 0.9730754345683886 0.5863108632371155 0.05384913086322278 0.08565685633066593
5 0.9779340767175068 0.7285938206234416 0.044131846564986435 0.03689207386326192
5 0.9770809048478079 0.7700273441623919 0.04583819030438434 0.038509120941162676
5 0.9769271374246127 0.8075409809318671 0.04614572515077455 0.04166139448011279
5 0.7151711984482046 0.4893848648586732 0.14644346878180664 0.124356892044481
5 0.33036221114689446 0.7970663202131092 0.15403771397248328 0.11824325973923244
5 0.3066567716843644 0.18538848052153473 0.15787204210278444 0.13861030681713332
1 0.7009970487262065 0.17303316193657386 0.1643948606144388 0.14653190097293473
1 0.5163542748492252 0.7953832690780187 0.16691965988879928 0.12939894805083546
2 0.8428051251272268 0.47308593466474524 0.0852877139724832 0.11704322402541756