4 0.5643149465308408 0.5201671823794263 0.7100780829342135 0.9593838478047416
6 0.8426864279876847 0.222110787837163 0.11010222872636959 0.13009422249740998
6 0.9811671450065891 0.3285877278695843 0.03459316861791066 0.0391010413563289
6 0.9770381812091387 0.3666870413518197 0.03615566861791066 0.03917381596343468
6 0.9775921722321481 0.4057859286553726 0.03771816861791066 0.03924659057054054
6 0.30874620258096497 0.5254560341176185 0.17566359621281205 0.12221325599585597
8 0.9717325367917246 0.4727187175305021 0.052035198672140126 0.08365156203449331
8 0.9673217718628058 0.5592555310127374 0.05983860831306061 0.08245293507002263
8 0.7970491367169699 0.8131146234453048 0.09178856596219091 0.20422092721213972
8 0.49970404244906524 0.2084805115774273 0.20774990924813697 0.2674187481379732
0 0.5071927929400447 0.5331359092200625 0.18576582493918145 0.24764990363849115
0 0.669582666869395 0.8282772429661776 0.1669703731437835 0.23896410835322116
0 0.9597723713952675 0.647990545280761 0.07392837939029917 0.0877954065339754
5 0.9534763987190225 0.7899233341558907 0.05489657825883114 0.03848461124870504
5 0.9516730042034126 0.8312568095487848 0.05803066861791066 0.040192660462916766
5 0.9506735855855016 0.8687204222452319 0.05961134933607006 0.04339043507002245
5 0.6947382447354428 0.5340563620727654 0.1428965480082102 0.128497489246633
5 0.2976758506126163 0.8164256364749833 0.15067268657189176 0.12261136228216252
5 0.29889097619228666 0.2045977245643246 0.1539158612399268 0.14306941149637406
1 0.6934540424490653 0.21750456285855363 0.16021131303532493 0.1511730099247975
1 0.48360426025353664 0.8266483147205804 0.1632363190854491 0.13413105913900908
2 0.8229450579671592 0.5259613798554457 0.08192268657189175 0.11940927956950453