4 0.49375 0.4328125 0.9265625 0.7046875
6 0.1828125 0.15625 0.12578125 0.11015625
6 0.2828125 0.0171875 0.0375 0.034375
6 0.32109375 0.02109375 0.03828125 0.0359375
6 0.36015625 0.0203125 0.0375 0.0375
6 0.5109375 0.68828125 0.1140625 0.17578125
8 0.42734375 0.02578125 0.08125 0.0515625
8 0.5140625 0.0296875 0.0796875 0.05859375
8 0.77578125 0.1984375 0.19921875 0.090625
8 0.18515625 0.49921875 0.2578125 0.20546875
0 0.509375 0.48984375 0.2390625 0.184375
0 0.796875 0.32578125 0.23125 0.16484375
0 0.603125 0.03671875 0.084375 0.0734375
5 0.7453125 0.0421875 0.0359375 0.0546875
5 0.78671875 0.04375 0.0375 0.0578125
5 0.82421875 0.04453125 0.03984375 0.05859375
5 0.5015625 0.30234375 0.121875 0.1421875
5 0.80234375 0.69765625 0.11484375 0.15
5 0.190625 0.7 0.1359375 0.15390625
1 0.18515625 0.30546875 0.14453125 0.16015625
1 0.80390625 0.51171875 0.1265625 0.16171875
2 0.4875 0.17421875 0.11484375 0.08203125