4 0.5334139379797969 0.5542501114241647 0.9331721240404063 0.8914997771516706
2 0.8804472526547731 0.96388812794008 0.11509280622252867 0.07222374411983985
2 0.524187224767517 0.31513095120902634 0.14302904785256682 0.23193005454853627
6 0.23937526220833688 0.3074400954599385 0.13660562608219137 0.2296738674670344
6 0.551502005634965 0.5542801620942142 0.1343477349340688 0.2371395239262835
6 0.8324060141275244 0.5754265416469877 0.1327852349340688 0.23696610215590788
5 0.6076150247844666 0.9567434262618504 0.11891149330403046 0.08651314747629932
5 0.2674704410424746 0.5536205563451262 0.144419830148812 0.21665189808928725
3 0.3287929295697232 0.9505113189613678 0.14738333684478153 0.09897736207726453
0 0.860328623224597 0.8130999634173632 0.24650089139331754 0.2465008913933179
0 0.5809871147320376 0.792127005634965 0.24719457847481968 0.2527508913933179
1 0.29721568279511035 0.7938111498858772 0.1496292995265592 0.20797058517078923
5 0.8034411703415782 0.34226719810623674 0.13521995598580822 0.20328478923740984