4 0.515625 0.45 0.8578125 0.8953125
2 0.21875 0.10625 0.1046875 0.09296875
2 0.5046875 0.73984375 0.11953125 0.21953125
6 0.7921875 0.715625 0.11171875 0.2171875
6 0.50390625 0.50078125 0.10859375 0.22421875
6 0.221875 0.5109375 0.1078125 0.22578125
5 0.49375 0.08671875 0.1078125 0.09921875
5 0.79140625 0.46953125 0.121875 0.203125
3 0.775 0.06484375 0.1359375 0.10234375
0 0.2203125 0.2734375 0.221875 0.221875
0 0.50078125 0.26328125 0.22265625 0.228125
1 0.78828125 0.2296875 0.12734375 0.19296875
5 0.225 0.74375 0.1140625 0.190625