4 0.5003783655311838 0.5132962572494625 0.8838634330947963 0.9603136444195002
2 0.8072554689881736 0.8345504149184879 0.10741534639736088 0.10168274440092269
2 0.5028822737526764 0.22262371305832138 0.12511497492717538 0.22774833693238977
6 0.21608696740532798 0.26862791036831785 0.11881951082055267 0.22571224025173767
6 0.5106195320659467 0.46162701347324 0.11592183135366607 0.23328794191141178
6 0.7923552653728991 0.430099713258814 0.11435933135366624 0.23316954274124874
5 0.5328237703209571 0.8749199188671802 0.11072220282385156 0.10816954274124875
5 0.22402881419840023 0.5146624607832363 0.12778533386094856 0.21236013527271586
3 0.25221026781367467 0.9181067694965247 0.1389381310370969 0.11342572780418295
0 0.8008283095795466 0.667481314088651 0.22833090314042082 0.23868768216314926
0 0.5206550762725941 0.6988902151329139 0.22851275956691133 0.24493768216314926
1 0.2341325545649818 0.7542694124429102 0.13376254922121245 0.20345873195336778
5 0.7824561134861197 0.1975240115991401 0.1196091210079672 0.19926813942190075