6 0.76796875 0.8879706084050479 0.11875 0.08158027210332364
6 0.77109375 0.5622802866182932 0.1125 0.17827341567683314
6 0.4796875 0.7514574807331631 0.1109375 0.1782279515702104
6 0.196875 0.9002597274344577 0.1140625 0.08456887978345548
3 0.184375 0.7553647645814763 0.1421875 0.18226223370266403
2 0.4734375 0.5629943743066723 0.121875 0.17854620031656906
2 0.76875 0.37314959045835916 0.121875 0.16604620031656916
5 0.471875 0.3723239102000497 0.11875 0.15033027210332373
5 0.18203125 0.3810778184215423 0.1265625 0.15368259263643722
5 0.77109375 0.7575927866182932 0.11875 0.15345527210332363
2 0.83828125 0.9963320600417651 0.0328125 0.0073358799164697785
6 0.69453125 0.9973316130571547 0.0375 0.005336773885690605
6 0.66015625 0.9952917399376165 0.034375 0.009416520124766948
6 0.625 0.9971012866848001 0.0375 0.005797426630399727
4 0.46875 0.6058267319868043 0.8953125 0.7244884330947963