6 0.049138199860452855 0.7687505208808472 0.09130505454853628 0.1192045179539809
6 0.37457260631970185 0.7737708607489475 0.1874863674670344 0.11351812021691714
6 0.20925951649472846 0.4812146803253758 0.18731294569665885 0.11195562021691714
6 0.08361760693268985 0.19748859923787418 0.09390978923740985 0.11453519867214013
3 0.22953623109569365 0.18582945745273882 0.19390638110416844 0.14322380093507645
2 0.39823445357623033 0.4760600685944697 0.18852689808928727 0.12289312021691715
2 0.5638952389752652 0.7725270441975812 0.17602689808928726 0.12282039734428025
5 0.5890328753466058 0.4756065924021831 0.1600550545485362 0.11960449375348396
5 0.6040151137512568 0.1856628484523073 0.16404716340041361 0.12743517447164326
5 0.1792601063197019 0.7726345658639951 0.16335347631891173 0.12118517447164337
4 0.3769544030499655 0.47112258371978016 0.753908806099931 0.8993668001495095