6 0.23203125 0.134375 0.11796875 0.07890625
6 0.22890625 0.46015625 0.11171875 0.17421875
6 0.5203125 0.2625 0.1109375 0.17421875
6 0.803125 0.10546875 0.1140625 0.08046875
3 0.815625 0.25 0.1421875 0.17734375
2 0.5265625 0.45078125 0.121875 0.17421875
2 0.23125 0.64921875 0.12265625 0.16328125
5 0.528125 0.64140625 0.11796875 0.146875
5 0.81796875 0.62421875 0.1265625 0.15
5 0.22890625 0.26484375 0.11953125 0.15
2 0.16171875 0.015625 0.0328125 0.03125
6 0.30546875 0.0125 0.03671875 0.025
6 0.33984375 0.0140625 0.03359375 0.028125
6 0.375 0.01171875 0.0375 0.0234375
4 0.53125 0.4078125 0.8953125 0.69765625