6 0.2473237790803695 0.14578985115802107 0.10509629465362354 0.08982752583555564
6 0.3194934526449534 0.021517856192014156 0.03288809471009326 0.028852351823611132
6 0.352533465799133 0.01837532560680585 0.029308068401734035 0.020967116641250023
6 0.381394213168297 0.019829376043646152 0.03096157366340595 0.02256598423243058
2 0.19201319475244558 0.020897647510798773 0.03932010523343701 0.032122822188333365
2 0.2175349664344175 0.6841074687492016 0.11818709983059081 0.18063436379145834
2 0.4795267322194331 0.6855115402719448 0.11607856826055958 0.17122299620027787
6 0.22187937414339864 0.48863131458888914 0.11368161035393447 0.1836502610179167
6 0.4898404188676094 0.48156892268076434 0.11662459983059073 0.18059799620027786
6 0.7626464002399963 0.27043662661232704 0.11349959983059073 0.1805252610179168
4 0.498919287255226 0.44657632684107684 0.8540585834808778 0.7860259122315284
0 0.49988108973077006 0.2823138050895838 0.2137726156156063 0.18754028685347243
1 0.7439910506211671 0.6713269793858687 0.125180552475544 0.16675370174736132
3 0.7561402530543588 0.4627332293858687 0.13592063140062188 0.19040940729444458
5 0.7565391553604939 0.12009113449611175 0.10611276308359248 0.08048889342673622
5 0.5000693474821036 0.1313325333380907 0.10785727360693613 0.08365026101791675
5 0.236053808160739 0.28556086597565994 0.1182935156438412 0.155670731382639