6 0.25546875 0.13984375 0.10078125 0.08671875
6 0.3203125 0.0140625 0.03046875 0.028125
6 0.353125 0.01015625 0.028125 0.0203125
6 0.38203125 0.0109375 0.0296875 0.021875
2 0.19296875 0.01640625 0.0375 0.03203125
2 0.25703125 0.678125 0.1078125 0.17734375
2 0.51875 0.6734375 0.10703125 0.16796875
6 0.25 0.4828125 0.103125 0.18125
6 0.5171875 0.46953125 0.10546875 0.17734375
6 0.77734375 0.25234375 0.10234375 0.17734375
4 0.52421875 0.434375 0.80859375 0.7671875
0 0.515625 0.2703125 0.203125 0.1828125
1 0.78203125 0.653125 0.115625 0.1640625
3 0.78203125 0.44453125 0.12578125 0.18828125
5 0.7625 0.10234375 0.1015625 0.07734375
5 0.50703125 0.11953125 0.103125 0.08125
5 0.25234375 0.2796875 0.109375 0.15234375