6 0.7495354926733295 0.8080935532951832 0.10207156010845857 0.09460194183801285
6 0.6854235165792388 0.9384091200071453 0.031413626463433174 0.03031021287323483
6 0.6526337424769378 0.9446098435240418 0.028243174668035033 0.022279191585911205
6 0.6237229472973981 0.9458499154317839 0.02981476502711473 0.023950952229573018
2 0.8127536310406194 0.9271606275487139 0.03768180718159222 0.03387225544788173
2 0.7448413639704012 0.269921563938845 0.10884880093507654 0.18566398441265974
2 0.4831498850476401 0.2929102217521856 0.1072317587805987 0.17617972376899793
6 0.7530089088553534 0.46474239104236725 0.10417948165323558 0.18846120248167447
6 0.4858986769075303 0.4967072111085239 0.10728630093507655 0.18555472376899793
6 0.2270059868195971 0.7320866082782027 0.10416130093507636 0.18533620248167465
4 0.47907195998682167 0.5323551340050017 0.8138383663080923 0.8237845134167788
0 0.48862019769018145 0.6958167004648621 0.20418857201231527 0.19701638367602553
1 0.21998680971567514 0.331633140209188 0.11657948770335987 0.17214778763096844
3 0.2212003726528041 0.540226890209188 0.12609084308955412 0.1962408514929388
5 0.24272241129124036 0.8810486321634162 0.10201701795398091 0.0852269418380125
5 0.49809116734136455 0.8459970169247224 0.10359769867214012 0.08846120248167466
5 0.7518469055357038 0.6680312820078598 0.1102658551898024 0.16077324505632157