2 0.7130175127398528 0.9825848029488826 0.04479898757622749 0.03483039410223476
4 0.4511276242666386 0.528528446093427 0.9022552485332772 0.8803292561351922
6 0.6599447203494629 0.8583369326990848 0.11960765351435185 0.10630748746358769
6 0.5780223519208013 0.9869139444440744 0.03887116593812436 0.026172111111851137
6 0.5451323318184198 0.9872178213245363 0.03871612573336129 0.02556435735092748
6 0.5098985617160384 0.9875330642316538 0.032311085528598585 0.024933871536692465
6 0.38362687860897826 0.863616499933493 0.11336975146672286 0.09054609514371954
6 0.1337483241687252 0.5076857825281651 0.127824784366786 0.18911998746358769
6 0.698323220004468 0.47945341475239617 0.13078264620965213 0.2032279515702104
2 0.39709722949479487 0.7041733037735589 0.12735966375249727 0.1844324874635877
5 0.6789613413376611 0.6982716109123303 0.13252438231915703 0.17367684389007837
5 0.41786656795683896 0.4869630717202476 0.13079474416202325 0.18764841567683313
5 0.12094652591144395 0.7235608351145897 0.1287792215001053 0.16733591567683312
1 0.1140362554351532 0.8800608877010145 0.12712217105719698 0.08783027210332364
0 0.718704957954605 0.26614943269908486 0.24671772661917793 0.20971729546028878
0 0.43489074559983154 0.27591191145369093 0.249830628666807 0.22538775956691143
0 0.2915422112041311 0.9879158459683961 0.07997338450478395 0.02416830806320789
8 0.4528673117160384 0.9864532916993649 0.06668608552859859 0.02709341660127009
8 0.3736509813065126 0.9884303230071424 0.06606592470954693 0.02313935398571516
3 0.15834034355220244 0.28353522868809905 0.1501649049810747 0.1944439849563052