2 0.905732487260147 0.8955353481705874 0.04479898757622749 0.061459141014933036
4 0.5191848757333614 0.47093819218020627 0.9616302485332773 0.9369557212968893
6 0.8259927796505371 0.7673596378959736 0.11960765351435185 0.11333559484181244
6 0.7719776480791987 0.9143297932619572 0.03887116593812436 0.048521544093141245
6 0.7392426681815802 0.9181742217145008 0.03871612573336129 0.04695904409314124
6 0.7041639382839616 0.9222374486279407 0.032311085528598585 0.04481308153075183
6 0.5523106213910218 0.8063132406411022 0.11336975146672294 0.09727299792002064
6 0.23343917583127477 0.4852045372298147 0.12782478436678596 0.19614809484181245
6 0.7891767799955319 0.388380455075675 0.13078264620965213 0.2103564604824098
2 0.5341527705052052 0.6471570391019983 0.12735966375249727 0.19146059484181244
5 0.8132261586623389 0.606911656614779 0.13252438231915703 0.18110655740420184
5 0.511820932043161 0.4300424719222969 0.13079474416202325 0.19487732612300715
5 0.2634284740885561 0.7000272762065294 0.1287792215001053 0.17456482612300714
1 0.2875262445648468 0.8554750151832442 0.12712217105719698 0.09546078868539638
0 0.767232542045395 0.17517213789597363 0.2467177266191781 0.22427551788661165
0 0.48698425440016846 0.21946963602379016 0.249830628666807 0.24004638352720892
0 0.4865827887958689 0.9464919554912669 0.07997338450478395 0.04152241638926881
8 0.6471326882839616 0.9275615445097429 0.06668608552859859 0.04802212562389272
8 0.5685365186934874 0.9380527593599076 0.06606592470954702 0.04177212562389272
3 0.21353465644779757 0.26076698876891874 0.1501649049810747 0.20287771381017503