2 0.190625 0.02890625 0.03984375 0.0578125
4 0.5296875 0.48515625 0.88125 0.8546875
6 0.25703125 0.16328125 0.109375 0.10234375
6 0.325 0.02265625 0.034375 0.0453125
6 0.3578125 0.021875 0.03359375 0.04375
6 0.39296875 0.02109375 0.028125 0.0421875
6 0.53203125 0.15 0.10390625 0.08828125
6 0.81640625 0.49765625 0.109375 0.1859375
6 0.25625 0.5421875 0.1109375 0.2
2 0.534375 0.309375 0.109375 0.18203125
5 0.25390625 0.3234375 0.11484375 0.1703125
5 0.53515625 0.5265625 0.11328125 0.184375
5 0.8078125 0.28203125 0.1125 0.1640625
1 0.79921875 0.12578125 0.11796875 0.084375
0 0.25703125 0.75546875 0.2265625 0.20234375
0 0.5390625 0.7375 0.22734375 0.21796875
0 0.6109375 0.0171875 0.07578125 0.034375
8 0.45 0.02109375 0.06171875 0.0421875
8 0.52890625 0.01796875 0.06171875 0.0359375
3 0.8140625 0.721875 0.13046875 0.18984375