4 0.526209312902918 0.4213075472629123 0.8476299399298652 0.7690838321132674
2 0.18082330600635443 0.018212555975501126 0.03492047077900677 0.031649989337999784
6 0.30962046185055303 0.01235345464672819 0.03174092370110611 0.02470690929345638
6 0.3400892118505531 0.012189822644819187 0.036428423701106105 0.024379645289638374
6 0.37527273538950345 0.013543237309046571 0.03492047077900686 0.027086474618093142
8 0.42832955154212754 0.00940062997295579 0.05978410308425506 0.01880125994591158
2 0.5038943875802541 0.12775754193191222 0.1079136858759707 0.09654883068109026
2 0.23751541111920443 0.13241995930141054 0.09974662986961631 0.076145424013363
1 0.770522780031772 0.09261728389564117 0.11386367694751698 0.07943405601527202
5 0.7762251294625793 0.24023717122855026 0.11199325973923262 0.15127269334818116
3 0.5155603648520826 0.25889845393063954 0.13403190097293455 0.16090223201781742
3 0.7915145332748877 0.6237309238940503 0.1326875892845374 0.1733840506842718
8 0.5271207966675683 0.6525939099300032 0.20941373051823947 0.1836499360279987
6 0.7881189776755704 0.42919967389405034 0.10612508928453739 0.17307496801399935
5 0.5221218307598254 0.45573709126354867 0.11232054220663663 0.17002269334818115
6 0.2520275190714282 0.4713824619669106 0.11086713636243806 0.17625451201463563
0 0.24463025608578465 0.2714279153007742 0.21736259821299111 0.19155334269572588
5 0.2562997820570717 0.6713733713001379 0.11662621266133195 0.14820223734881743