4 0.51875 0.42734375 0.834375 0.75859375
2 0.18046875 0.0203125 0.03515625 0.03046875
6 0.309375 0.0140625 0.03125 0.028125
6 0.33984375 0.0140625 0.0359375 0.028125
6 0.375 0.015625 0.03359375 0.03046875
8 0.428125 0.01171875 0.059375 0.0234375
2 0.5015625 0.13359375 0.10625 0.0953125
2 0.23515625 0.13515625 0.0984375 0.07578125
1 0.76875 0.1015625 0.1125 0.07734375
5 0.771875 0.24921875 0.10859375 0.14921875
3 0.5109375 0.26484375 0.13125 0.16015625
3 0.78046875 0.6328125 0.1296875 0.17265625
8 0.515625 0.65859375 0.20703125 0.18125
6 0.78046875 0.43828125 0.103125 0.17265625
5 0.5140625 0.46171875 0.109375 0.16875
6 0.24375 0.47421875 0.1078125 0.17578125
0 0.23984375 0.27421875 0.2140625 0.1890625
5 0.24453125 0.67421875 0.1140625 0.14765625