4 0.4445525200535238 0.5922656848278726 0.8830379611295701 0.793373175967805
2 0.7567500223698757 0.99837775127291 0.03637759099298634 0.0032444974541800064
6 0.6274432541712784 0.9996895711779885 0.033052331893687635 0.0006208576440229763
6 0.5969745041712784 0.9990210677179474 0.03773983189368764 0.001957864564105094
6 0.5619183837209277 0.9967582307598091 0.03637759099298634 0.006483538480381768
8 0.5085430598468044 0.9993274738397269 0.06087694324473993 0.0013450523205463583
2 0.4429156647194515 0.8867160217860108 0.11235790252860856 0.09964185574121878
2 0.7094220442691007 0.8960087446371545 0.10324371838316751 0.07901102076024671
1 0.17367550895164036 0.9078602154367699 0.11750647748246604 0.08270902372599628
5 0.1800127513935012 0.7600766314443812 0.11898743676633483 0.15445668973360754
3 0.44195154688999444 0.7550840198088447 0.14146321406423076 0.16472302768032882
3 0.19600080583240956 0.376132712965312 0.14070175046142533 0.17715936068413446
8 0.46249669340162336 0.3611430188202614 0.21942752775932134 0.18971771049385405
6 0.18353467690106906 0.570663962965312 0.11413925046142533 0.17607702174882983
5 0.45144287014580886 0.5580816858164558 0.12018899136212671 0.17320668973360737
6 0.7225564065430035 0.5565960761580855 0.11902700956072394 0.17939302273741298
0 0.7136460741878904 0.7567552436485714 0.22617817550756794 0.19778487847863174
5 0.7345917388981166 0.3565642426599883 0.12347467766703613 0.1515226907221905