4 0.5531660180954174 0.5621587644219008 0.8299343710473321 0.8756824711561985
6 0.8672135646841298 0.31826877699292366 0.08833559484181279 0.11529495850815116
6 0.5331302959653245 0.28980635457803655 0.1916064604824097 0.12467180373891082
6 0.31317640245482004 0.564246557062903 0.1927313635606179 0.12010270290907385
6 0.3151185199676009 0.8468464921258375 0.19458559484181254 0.12334610207923688
5 0.7283698631450258 0.30538750084841454 0.16235655740420185 0.12710971950581323
5 0.7090723650172094 0.5879515471141481 0.17016905740420185 0.1277017153566284
5 0.5136289527878996 0.8611019367365416 0.18281492304479913 0.13021140871793263
3 0.8516245291187026 0.5948196215989834 0.10287771381017521 0.13811715186945542
3 0.8471917920141714 0.869855510396184 0.0935027138101752 0.13740675684847722
0 0.3329114975044286 0.2769950107971694 0.22627561480840352 0.2467602912913561
8 0.511832700915716 0.5769395016736072 0.23262945840243035 0.23172728714217125
1 0.7109415497096915 0.8713327321770826 0.17275261688838306 0.13875761452679142