4 0.53515625 0.396875 0.85625 0.74921875
6 0.25078125 0.109375 0.109375 0.078125
6 0.24765625 0.44375 0.1109375 0.18046875
6 0.53671875 0.63671875 0.10703125 0.1828125
6 0.8171875 0.60859375 0.10859375 0.18359375
5 0.2484375 0.2484375 0.115625 0.1515625
5 0.53046875 0.24140625 0.115625 0.15859375
5 0.81640625 0.41015625 0.1171875 0.17265625
3 0.5265625 0.09921875 0.13125 0.090625
3 0.8 0.078125 0.13125 0.08046875
0 0.25 0.64375 0.23125 0.2046875
8 0.534375 0.43828125 0.21640625 0.21171875
1 0.81171875 0.21328125 0.12578125 0.1609375