4 0.3854032967471835 0.4453990935666597 0.770806593494367 0.8907981871333194
6 0.0875749608744244 0.7383659356665964 0.0813074874635877 0.11712701023814524
6 0.4218590326611791 0.7083123318473342 0.1844779515702104 0.12892216375249727
6 0.6232386423863752 0.4001023665591152 0.18590405925034226 0.12438970395726016
6 0.6032744495251463 0.12242434024484747 0.1875574874635877 0.1276697441620231
5 0.2265692647144904 0.7269111074426977 0.15492684389007838 0.130663899862002
5 0.22774428595988433 0.44557753836413083 0.16273934389007838 0.13143910088581662
5 0.40481421747183494 0.14289569624973675 0.1752848079967011 0.13424192252391984
3 0.08544312569332763 0.46359244699755536 0.09444398495630521 0.14024233187624854
3 0.0723055943522968 0.19224798976185462 0.08506898495630522 0.1393120906476712
0 0.6219272288211131 0.686123435637682 0.21141618778015675 0.25156026682394084
8 0.42473294622644103 0.42213622256400446 0.21877404671392994 0.23671046784775546
1 0.20780282515196694 0.1671182620498631 0.1645746285298145 0.1409691410905795