4 0.53359375 0.48203125 0.840625 0.7984375
5 0.2484375 0.30703125 0.115625 0.171875
6 0.2484375 0.5234375 0.1078125 0.2046875
0 0.2484375 0.75 0.2328125 0.23125
6 0.25 0.14609375 0.109375 0.0890625
0 0.53046875 0.74296875 0.22265625 0.2171875
5 0.5296875 0.52265625 0.1125 0.190625
2 0.5265625 0.3078125 0.1125 0.18203125
6 0.52265625 0.1421875 0.109375 0.096875
6 0.79375 0.1375 0.1046875 0.1015625
8 0.80234375 0.29453125 0.2109375 0.2046875
0 0.80703125 0.50859375 0.2203125 0.21875
1 0.80625 0.73125 0.12109375 0.18203125