4 0.4711755240326038 0.44676498167403017 0.8180032640551396 0.8731588350553341
5 0.2895384386421521 0.7390519352478021 0.1745662017473612 0.12262836958138301
6 0.5059446886421523 0.7302340562748789 0.20719686379145835 0.11615287650146514
0 0.7325071886421523 0.721002341826692 0.23666877108590292 0.2422352154367699
6 0.12863730623333272 0.7440471358558244 0.091608231382639 0.11300401878308027
0 0.7320402888502426 0.43925759330956693 0.22235169794763898 0.2307247124710205
5 0.5117096050546524 0.4490158897729761 0.19324346656499997 0.12026737353571573
2 0.2967931198722913 0.4608951017497048 0.18386846656500017 0.11988537155854928
6 0.13107720089433988 0.47155005334631034 0.099420731382639 0.11332235376405216
6 0.1326994779641665 0.20064730433489353 0.10399912860909728 0.10882585475263547
8 0.2899307497156595 0.1856550212173572 0.20959712480937523 0.2192778765014653
0 0.5041023524892012 0.17224514273872557 0.2238778303564585 0.2292258794672148
1 0.726740418693611 0.1639538457810248 0.18408667211208343 0.12926037155854936