4 0.4806562401895175 0.5185223986545812 0.8572197262900134 0.86385715848419
5 0.6755963076577841 0.2282741687128409 0.17996028763096844 0.12062605172849494
6 0.45919005765778415 0.23457094748008228 0.21222648441265973 0.11376829796757129
0 0.23262755765778415 0.241163242940371 0.24752983590559854 0.23954118778015676
6 0.8364245470141224 0.22515386573070476 0.09671074505632156 0.11196645407749281
0 0.21993726147684095 0.5229899044605689 0.2327025113999664 0.22819451082055267
5 0.4403043917986718 0.5157982154267708 0.19849176634364482 0.11804662100796719
2 0.6553666630859952 0.5064219007661522 0.18911676634364483 0.11777383636823106
6 0.8212648146951496 0.497696455464148 0.10452324505632156 0.11219377461060631
6 0.8069955930198386 0.76865381314428 0.10888296312533612 0.10764266693047411
8 0.6493634094796991 0.7818167058598595 0.21943768689433424 0.21689329796757129
0 0.4349731275487139 0.7927327884671668 0.23415575075630457 0.22667747492717538
1 0.21237150787054473 0.7984301736608989 0.18977233020561535 0.12714883636823107