4 0.54140625 0.4078125 0.82890625 0.69609375
2 0.25546875 0.13203125 0.10234375 0.078125
5 0.52734375 0.128125 0.10390625 0.078125
5 0.80078125 0.2546875 0.11015625 0.1453125
0 0.2578125 0.2703125 0.21875 0.18203125
0 0.5328125 0.26640625 0.20703125 0.16875
2 0.19921875 0.01171875 0.03671875 0.0234375
6 0.33359375 0.01328125 0.0328125 0.0265625
6 0.365625 0.015625 0.03046875 0.03125
6 0.3984375 0.01484375 0.03671875 0.02890625
8 0.4546875 0.015625 0.06015625 0.03125
8 0.52890625 0.01796875 0.059375 0.0328125
1 0.79453125 0.10546875 0.11875 0.0796875
6 0.2578125 0.46875 0.11015625 0.18203125
6 0.53671875 0.46484375 0.109375 0.17421875
6 0.81015625 0.45078125 0.103125 0.18515625
5 0.25859375 0.66484375 0.11484375 0.15625
2 0.534375 0.6609375 0.109375 0.1671875
3 0.80546875 0.646875 0.13125 0.178125