4 0.37842447717792427 0.4348413767036474 0.7499436613141401 0.8687133467056448
2 0.08431951959209849 0.7368413053887288 0.08473355027685518 0.10767526308359247
5 0.09783581123108036 0.4651938185429084 0.08473355027685518 0.10767526308359247
5 0.24192098241971155 0.1843848923474886 0.15232156847545256 0.11783848933548198
0 0.22275096391657248 0.7264435897307701 0.19526813695090492 0.22930661035393457
0 0.236467514654853 0.45167110288494977 0.18196710055371038 0.21607856826055957
8 0.0030442011120333907 0.47004718949077373 0.006088402224066781 0.061286110495108834
1 0.09230171422111427 0.19932589483715019 0.08729734577334843 0.1233912683452643
6 0.42118846391657244 0.7148859214984453 0.18825906847545254 0.11993161035393456
6 0.43515533852897625 0.4362071846526249 0.18200906847545256 0.11956758930724706
6 0.4386155097176075 0.16358873200767154 0.19098355027685515 0.11386362087727817
5 0.6173322786913971 0.7026835111586281 0.16365958667404978 0.12472552616718495
2 0.6310988942045024 0.42712977431280785 0.17419656847545256 0.11911256299888784
3 0.6344088710686595 0.15685507166785448 0.18653588217054295 0.14162459983059078