4 0.4930847441736308 0.6239535853785119 0.8687133467056448 0.7520928292429764
2 0.7950846728587122 0.9374737277446237 0.10767526308359229 0.08775213227942302
5 0.5234371860128918 0.9159993562806896 0.10923776308359248 0.08789799792002029
5 0.242628259817472 0.7639103691761585 0.11940098933548197 0.1556689604824097
0 0.7846869572007534 0.7989736792837278 0.22930661035393457 0.20167118968362488
0 0.5099144703549332 0.7772075765385992 0.21607856826055957 0.1880042645588464
1 0.2575692623071336 0.9137125817385477 0.1233912683452643 0.09077328868539639
6 0.7731292889684287 0.6005361792837277 0.11993161035393456 0.19146059484181244
6 0.4944505521226083 0.5784054124371059 0.11956758930724706 0.18521059484181243
6 0.22183209947765495 0.5669414253325746 0.11386362087727822 0.1940021322794232
5 0.7609268786286115 0.4043694964634291 0.12472552616718495 0.16704405740420186
2 0.48537314178279123 0.3825304608980018 0.11911256299888784 0.17739809484181251
3 0.21509843913783788 0.3712852722543665 0.1416245998305908 0.19037771381017493