4 0.54140625 0.40546875 0.86796875 0.81015625
2 0.253125 0.084375 0.1078125 0.0875
2 0.5328125 0.071875 0.11640625 0.09296875
6 0.8015625 0.05234375 0.1046875 0.078125
6 0.54375 0.64609375 0.10625 0.184375
6 0.259375 0.44609375 0.11640625 0.1921875
0 0.25390625 0.2234375 0.22890625 0.19453125
0 0.5421875 0.434375 0.2265625 0.22734375
5 0.53671875 0.2203125 0.11640625 0.16484375
5 0.81875 0.6125 0.11875 0.17109375
5 0.25859375 0.665625 0.1265625 0.1765625
1 0.81875 0.40703125 0.1171875 0.18828125
3 0.809375 0.19609375 0.12734375 0.17890625