4 0.4134735336819248 0.4703916856685858 0.8245390876563891 0.8923004072305488
2 0.0974117516182625 0.7493300617576248 0.08938187418757346 0.1103584899708702
2 0.08002978814615166 0.4692788489046434 0.09576824188232516 0.11835284639736088
6 0.055807489446693184 0.19996054757185983 0.07995232710967279 0.10696070533113407
6 0.6540576233734993 0.4750494080884787 0.1862296006486231 0.11161476458147632
6 0.4590214074624611 0.7536050024407754 0.19420574188232517 0.12121708511458973
0 0.23646061484878733 0.7525951172470433 0.19773193668674968 0.23376254922121262
0 0.4423661469124496 0.4704515216411053 0.23207966314779932 0.2332002595669115
5 0.2283991042987758 0.4696916890337981 0.16764324188232518 0.12044419530200408
5 0.6156637305182395 0.199071929796091 0.17394778896022595 0.12375105172849495
5 0.6785662942319364 0.7607739594212621 0.17877165665497757 0.1316999440483631
1 0.4101949805182395 0.19309339977520842 0.18954551542127546 0.12264319279472172
3 0.1994211217519415 0.19633074538114648 0.18036143019392786 0.13330790815498564