4 0.4045141217949296 0.44645019974081024 0.8090282435898593 0.8929003994816205
2 0.04958873780340016 0.7394931440150001 0.09252144789030417 0.1154677580585183
2 0.050115392475348644 0.4608992523090742 0.09913532092583344 0.12382706220555537
6 0.04310137489755611 0.19385801526856491 0.08300089867609244 0.11152255183796282
6 0.6248435647250896 0.39972412130004753 0.18932367328319835 0.1223807223375922
6 0.41159858623182355 0.7015968540052324 0.19757282092583353 0.1324392275213885
0 0.18868762510695308 0.7265455017434264 0.20437509263745515 0.2450759285581478
0 0.41305204011798385 0.4198096117809268 0.23867731803034928 0.24652085136685145
5 0.1987348289931133 0.44400640381694484 0.17101032092583343 0.13011530989648126
5 0.6040581455757206 0.12766319359037154 0.17740587014004525 0.1337871140435182
5 0.6310934489282707 0.6831716083405569 0.18245724317557438 0.1420097171537961
1 0.39858939557572054 0.14563937992421377 0.1929580955329393 0.13359162441111075
3 0.1872152479330854 0.17346901988671334 0.18409251778268035 0.14370891819055523