4 0.5291269277753307 0.38072729600571625 0.852023901620915 0.7422831411407196
2 0.26668401379499806 0.08500415864651985 0.0973313569862417 0.06447739926336582
2 0.5405480997298475 0.07598516568388533 0.08913691106992552 0.052993596045057156
5 0.8171924452833437 0.05430228175575824 0.09571429328391083 0.06280563861970409
0 0.25808528539454445 0.21965231025567417 0.22217264427970268 0.2025779688253194
0 0.5316244451985257 0.39847752471839276 0.21737601687504088 0.19912518689433423
5 0.5396800257758976 0.21243076407473102 0.12097224282842375 0.16121028763096845
6 0.8160788346689051 0.19777913014660392 0.10912700725639404 0.17908620248167448
6 0.25581591334736037 0.418543278324689 0.11337799763774728 0.16691398441265975
6 0.5228421783234849 0.5830164156838854 0.1018948606144388 0.15052415990702758
5 0.25414674202581566 0.6002467463937038 0.11223215988879928 0.13410148441265973
3 0.8061333718775481 0.3933101514339274 0.13423613466105594 0.18395937278026225
1 0.789139300918823 0.5675124759395596 0.121716287293461 0.13788204827463027