4 0.54375 0.41875 0.82734375 0.684375
2 0.2703125 0.10390625 0.0953125 0.0578125
2 0.54453125 0.1140625 0.0875 0.04609375
5 0.82109375 0.11171875 0.09375 0.05703125
0 0.26640625 0.23828125 0.21484375 0.18671875
0 0.546875 0.43671875 0.2109375 0.18515625
5 0.5484375 0.25078125 0.115625 0.15234375
6 0.825 0.25546875 0.103125 0.171875
6 0.27109375 0.4375 0.1078125 0.159375
6 0.54453125 0.62109375 0.096875 0.14453125
5 0.27578125 0.61953125 0.1078125 0.1265625
3 0.821875 0.45078125 0.12734375 0.17578125
1 0.8109375 0.62421875 0.1171875 0.1296875