4 0.37837570723570074 0.48308471930601804 0.7567514144714015 0.8719817427464027
2 0.032568725310495414 0.7363461150516798 0.06513745062099083 0.09901729333702498
2 0.06886828031161243 0.46277820712440043 0.055557251466722836 0.09050388648947968
5 0.09396664655464708 0.18606551279992647 0.06555241228577446 0.09735466378737559
0 0.16548987386381486 0.7488635063215214 0.20889554825728124 0.2276405459579184
0 0.3917570906187568 0.48111120912698524 0.20530542764299256 0.22275278685861988
5 0.2059746308235197 0.467633292718716 0.16459797515245517 0.12543769586563353
6 0.23810424706655436 0.191371181367664 0.18210765351435185 0.11413925046142533
6 0.3651737444781036 0.7569425239018098 0.1700727741286407 0.11802571406423076
6 0.5758995303116125 0.49527024598560515 0.15336249269530028 0.1060869185677376
5 0.5476701150923923 0.7639201164359559 0.1372602741286407 0.11592299352159507
3 0.4331066666570285 0.20701237507382916 0.18771329679055845 0.13933950956072394
1 0.6054588852236882 0.22906425508490375 0.14131551535721804 0.1254982526208936