6 0.035220029954375565 0.6739831370233086 0.03225021034569899 0.03546627404661713
6 0.03739028371529926 0.6412797644279703 0.03836381802583094 0.030997028855940557
6 0.03482757336960028 0.6068502007256394 0.03523881802583094 0.030887901451278843
6 0.4811687466347877 0.20177089735974557 0.17809155925034226 0.11236113466105593
6 0.2601040211788869 0.7583209646054556 0.18135295157021042 0.11715776206571746
8 0.03620220526462705 0.5468030781303012 0.04248902837152992 0.06548115626060227
8 0.03622728582687031 0.46719742368379735 0.04257995658477529 0.06860615626060226
0 0.03386315228249089 0.38594742368379736 0.03959134890464333 0.07318452885594055
5 0.02333952625995887 0.238854168874474 0.03234113855894435 0.03859127404661713
5 0.023697227434457825 0.19750248257680486 0.03698317445232167 0.0371924651536097
5 0.023364606822202136 0.15924851442797028 0.03868206677218971 0.04193452885594055
8 0.6507062891255756 0.7711806401881696 0.16546719028743925 0.2149404976377472
8 0.6676364102000496 0.4947099094254632 0.184126262074194 0.21247026206571745
8 0.6681148171679011 0.2161037597882829 0.17189904671392994 0.2214087524470707
5 0.2710579607414104 0.19599457939624548 0.1596143438900784 0.1210813702330856
5 0.48241196404011566 0.4859003606992568 0.16283027210332382 0.12431549763774719
1 0.4616892532321983 0.766140932206136 0.1817166644231918 0.12965776206571747
3 0.276965946093427 0.4795064838427492 0.1929269490629279 0.13941470798203354
2 0.13654553457322907 0.4816270006329722 0.055761918184115536 0.09248016587924912
1 0.13452106716790113 0.19747025544229563 0.05680759263643713 0.12841766587924913
2 0.03536008544379419 0.8129092277674814 0.0243922462390763 0.03363095553496294
4 0.4527699281467383 0.4864261503549705 0.7338346893630024 0.8653969208582085