6 0.3265625 0.015625 0.034375 0.03046875
6 0.359375 0.01875 0.0296875 0.0375
6 0.39375 0.0171875 0.0296875 0.034375
6 0.81484375 0.47578125 0.10546875 0.17421875
6 0.25 0.23828125 0.11015625 0.178125
8 0.45390625 0.0203125 0.0640625 0.040625
8 0.53359375 0.02265625 0.0671875 0.04140625
0 0.61484375 0.02265625 0.07265625 0.0375
5 0.76171875 0.01640625 0.0375 0.03203125
5 0.803125 0.01796875 0.0359375 0.0359375
5 0.84140625 0.01875 0.040625 0.0375
8 0.25078125 0.62890625 0.21015625 0.16015625
8 0.528125 0.65390625 0.20625 0.178125
8 0.80703125 0.6625 0.21484375 0.165625
5 0.81328125 0.265625 0.11484375 0.15625
5 0.53046875 0.46875 0.11953125 0.16015625
1 0.24921875 0.43984375 0.1234375 0.178125
3 0.5296875 0.26328125 0.1328125 0.1890625
2 0.52265625 0.12265625 0.09140625 0.05390625
1 0.80703125 0.12890625 0.1265625 0.05234375
2 0.1875 0.01171875 0.0328125 0.0234375
4 0.52890625 0.4390625 0.83984375 0.70859375