6 0.03129943179882001 0.6740741699619439 0.03205008700597225 0.03564833992388792
6 0.03366071238402832 0.6413890039543327 0.03819098423243058 0.03121550790866543
6 0.03129812537805606 0.6069503369581384 0.03506598423243058 0.031088173916276673
6 0.48009080955489597 0.2045428503411922 0.17747299620027784 0.11338070357377186
6 0.2557376937666673 0.7597092169196447 0.1807070989738196 0.11819553756616052
8 0.03302297311760462 0.5469214209505271 0.04211607123840283 0.06571784190105419
8 0.033511975967396225 0.46732942144481865 0.04218880642076395 0.06884284190105419
0 0.03162086122600726 0.38607942144481866 0.03917290919430562 0.07340300790866543
5 0.021952307655034923 0.2389497534600411 0.03212282218833336 0.03877333992388783
5 0.022551066488750163 0.1976071704562355 0.03677395459715281 0.03740184091247101
5 0.02244131050482652 0.1593577539543327 0.03844555737069448 0.042153007908665385
8 0.646344509971077 0.7748447159682426 0.16424825721819475 0.215869033611828
8 0.6648892625365281 0.4985196379073528 0.1829255220358334 0.2135080375661607
8 0.6669913975107987 0.219963556386422 0.17064372758291685 0.2223737015966055
5 0.2699709271460765 0.19754213935304654 0.1589412017473612 0.12199169961943915
5 0.4796784611497573 0.4886313488583175 0.16213893692972228 0.12524403361182798
1 0.4573183775622576 0.7687035094287212 0.18099803970326392 0.13069553756616054
3 0.2742278949453476 0.48104038885875494 0.19215374525034737 0.14051620653952135
2 0.1337665491056601 0.4823416092012597 0.055234320288472284 0.09278967787060921
1 0.13339764751079877 0.1982212771860373 0.056070774885625105 0.1287271778706093
2 0.030629897413889568 0.812977502471458 0.024201219414791697 0.033767504942915846
4 0.45002732874093787 0.488984175930624 0.7289407640551397 0.8695298162722537