6 0.009791292411017054 0.6615602128732346 0.019582584822034108 0.03641810124083733
6 0.011550848973989431 0.6280757235168964 0.023101697947978863 0.03641810124083733
6 0.014850154221543847 0.593864614482389 0.029700308443087693 0.033620883171822415
6 0.4188097691217232 0.7690052702020427 0.17163134727034207 0.11470662822814397
6 0.624442932021789 0.5111866884069436 0.14323333148532652 0.10805243664223277
6 0.48333760281436255 0.22676849371893915 0.1766828683170294 0.12128441015912914
8 0.019905163394175997 0.5328724841605582 0.039810326788351995 0.07199496832111638
8 0.0240879173051363 0.4574736464133743 0.0481758346102726 0.07333894703379293
8 0.6650958370293469 0.24418485870553125 0.18067168927901206 0.21648764951546742
0 0.2203722691217232 0.7551291684570023 0.1905927208490433 0.22651821337743777
0 0.44558218465262484 0.4978950947076749 0.19500720506402763 0.22215849530842285
0 0.029120175162350485 0.37733267834435946 0.05824035032470097 0.07032320767745456
5 0.03703945548755079 0.23948847091900644 0.05678062101845253 0.039761622528160775
5 0.04969835018352664 0.19722991510280768 0.05696263154179622 0.04288662252816069
5 0.050919215940307315 0.1628002847809768 0.05816111049510884 0.03674588317182246
5 0.2544034478068046 0.48060441585911234 0.1591313472703421 0.11383254307885
5 0.29055086333770624 0.21014980422671484 0.17208637357870132 0.12251912822814397
5 0.5963810322759028 0.7775001032576496 0.14681335779368573 0.11608345792955621
2 0.09321052964506686 0.7430994259985709 0.04875528939195171 0.08899679802252862
2 0.12853119254513268 0.4733714340443426 0.05656778939195171 0.08954310124083734
4 0.4273404188676094 0.5013260973055649 0.7499017044993304 0.8522922896477807