6 0.9409450248356712 0.3067955045548694 0.054240960910325244 0.034613102176918174
6 0.9366402910465288 0.34044381825720027 0.054240960910325244 0.034613102176918174
6 0.9314905343785689 0.37490066381069653 0.05867336939505634 0.03165179328391084
6 0.5167897898385808 0.24448405454702016 0.17404302000387945 0.1089087524470707
6 0.3048168508889889 0.5222072943802191 0.14553538273097572 0.10323910580511537
6 0.4395275933029453 0.7901611422959682 0.17924070303441741 0.11532244355406326
8 0.9272974998308221 0.43581088195953105 0.07423446757828493 0.06958830290255769
8 0.9156427805855472 0.5117831049176891 0.07123701333591939 0.07104167549789597
8 0.25787898057584885 0.7918303136175128 0.18545849425012415 0.2105803798517325
0 0.7152272898385807 0.23755446435100147 0.1955987687959313 0.22028276206571756
0 0.48365932801017164 0.5167410004633362 0.19990363152302776 0.21575895317271013
0 0.9043866740673685 0.5924155460246816 0.07267196757828528 0.06953373920022674
5 0.8868488745167123 0.7309150508340051 0.05762105242559414 0.03784722958157989
5 0.8731851161817625 0.7742384648991557 0.0578761439408634 0.04097222958158007
5 0.8711603595138028 0.8085861830479901 0.05892846091032524 0.03477679328391083
5 0.6747467136160854 0.5139631969278063 0.16154302000387943 0.10847224282842376
5 0.6322412517876762 0.7865475250581074 0.17468074879205203 0.11672125244707061
5 0.3391271754444945 0.2545832847615723 0.14929811151914843 0.11116073320977708
2 0.8423159483233118 0.23623252261103672 0.05076501666989941 0.08746528366526399
2 0.9662953243863278 0.1680231812338917 0.03769118969849785 0.041825401451278846
2 0.8006555093737198 0.5080083188901725 0.05857751666989941 0.08773810217691817
4 0.5020107152830753 0.5114260178865313 0.7686835194241513 0.8276786660488851