6 0.340625 0.03125 0.0328125 0.0515625
6 0.37421875 0.0328125 0.0328125 0.0515625
6 0.40859375 0.03515625 0.0296875 0.05703125
6 0.26328125 0.46171875 0.10234375 0.16484375
6 0.534375 0.6515625 0.0984375 0.13671875
6 0.8078125 0.49453125 0.109375 0.1703125
8 0.46953125 0.034375 0.0671875 0.06875
8 0.5453125 0.03984375 0.06953125 0.065625
8 0.803125 0.6765625 0.2046875 0.16875
0 0.26328125 0.26328125 0.2140625 0.17890625
0 0.53515625 0.47265625 0.21015625 0.1828125
0 0.62578125 0.04453125 0.06640625 0.0671875
5 0.7640625 0.05078125 0.0359375 0.0546875
5 0.80703125 0.0609375 0.0390625 0.0546875
5 0.84140625 0.06015625 0.0328125 0.05703125
5 0.5390625 0.28125 0.10390625 0.15390625
5 0.8109375 0.3015625 0.1109375 0.16640625
5 0.2671875 0.6390625 0.10546875 0.13984375
2 0.26640625 0.1359375 0.0859375 0.04453125
2 0.20234375 0.0171875 0.040625 0.03359375
2 0.5375 0.15546875 0.0859375 0.0515625
4 0.53046875 0.4546875 0.803125 0.70390625