5 0.9108233893530464 0.29705369254257297 0.06501218775644091 0.10212798439090331
4 0.6011260316718426 0.5603509567584982 0.7680203488954985 0.8792980864830036
2 0.898064698668037 0.5774579551564447 0.0568813527754692 0.09404266587924912
5 0.8985235909868331 0.8567635092401288 0.04776102076024671 0.09996528366526398
6 0.7740091388587549 0.2899356185886231 0.1860886917107738 0.12507938947037936
6 0.7573401754735134 0.8572942441791863 0.17945668973360734 0.11548613466105592
3 0.768377198668037 0.5729291678629836 0.169410527680329 0.13697918874473985
1 0.5755398053606579 0.2822247783926044 0.17409802768032884 0.1371428798517325
5 0.5755039491623286 0.568534300625123 0.16408635771838503 0.12119049763774718
8 0.5735554244849302 0.8461955091553108 0.19328837946721472 0.22518851687504124
8 0.395102888858755 0.2767039207733905 0.18059737847863166 0.22006450725639412
8 0.4011260316718427 0.5585441978152326 0.1758462114824372 0.21833831614940155
0 0.39592517300205554 0.8329712789407585 0.17922587946721488 0.22469744355406326
5 0.9904869968242856 0.8129540002544541 0.01902600635142875 0.03924603847458741
5 0.9897521677748127 0.8535244365521233 0.02049566445037456 0.03935516587924894
5 0.992094588478194 0.8949852502544541 0.015810823043612032 0.04549603847458741
6 0.9941213676042168 0.37667175987310086 0.011757264791566514 0.035248019237293704
6 0.9909472880604522 0.41091035061727377 0.01810542387909564 0.0323958377489479
6 0.9916157915204934 0.4452853506172737 0.016768416959013165 0.035520837748947896
8 0.989413962965312 0.505332473212612 0.021172074069376025 0.06542659255827132
8 0.9859752631173176 0.5879267184032886 0.028049473765364753 0.0703869110699257
0 0.9849121467674203 0.6730284047009578 0.03017570646515928 0.07690972958158007