5 0.12136813011266012 0.7297174251452251 0.06384720282385162 0.10283820967712849
4 0.4343238050272002 0.4420858193756475 0.7579541509623426 0.884171638751295
2 0.13740334092057754 0.4473394187350843 0.05580738229073816 0.09466183664159918
5 0.14020276583511762 0.16714249648534335 0.04661423871722894 0.10047518899896404
6 0.25815507627259415 0.7256933970234626 0.18470527210332371 0.12719185442427944
6 0.2814498914619382 0.15508764454226326 0.1781824874635877 0.11752575599585602
3 0.26709084092057755 0.4412991263452982 0.1678814849563052 0.13889133374611512
1 0.45661530832590547 0.7172322719210188 0.17256898495630518 0.13910965756743252
5 0.4599913947606435 0.4299677123677248 0.16273934389007838 0.12304800992479752
8 0.4651800337818062 0.151224128207325 0.19073997492717537 0.22733740363849114
8 0.6370613262725942 0.7080455548002922 0.17810358260730724 0.22206770678164425
8 0.6343238050272002 0.42575959367542177 0.1733706185006847 0.22028688296032684
0 0.6427283722616084 0.14999546030081018 0.1766774749271754 0.22668243217453848
5 0.03143317108710938 0.21992935628630628 0.051091138558944336 0.03982878742738745
5 0.03181360431491967 0.17923158167920042 0.054216138558944346 0.039974336641599176
5 0.02904630548941862 0.13789810628630628 0.05127299498543507 0.04607878742738745
6 0.031640388888148754 0.6572303031431531 0.026000210345698993 0.035539393713693815
6 0.03454642854244977 0.6226733666253885 0.03372178213245362 0.03277826674922295
6 0.033546218196750785 0.5882983666253885 0.03381271034569898 0.03590326674922295
8 0.03492085009177756 0.5279965674111768 0.040926528371529936 0.06588186517764641
8 0.03876125244077546 0.4448929689827533 0.04887542069139796 0.07093323821317572
0 0.03784595862983934 0.35966394437564747 0.056869777117888695 0.07754711124870503