5 0.265625 0.1 0.10078125 0.0609375
4 0.5453125 0.42109375 0.8640625 0.7328125
2 0.546875 0.12421875 0.0921875 0.053125
5 0.8265625 0.13515625 0.0984375 0.04453125
6 0.26328125 0.23671875 0.11796875 0.18203125
6 0.83203125 0.2765625 0.109375 0.175
3 0.546875 0.25390625 0.13203125 0.1640625
1 0.2625 0.43515625 0.13046875 0.16875
5 0.54921875 0.446875 0.115625 0.15859375
8 0.82734375 0.46015625 0.21875 0.18515625
8 0.26328125 0.615625 0.2140625 0.171875
8 0.5453125 0.62109375 0.21328125 0.1671875
0 0.8203125 0.6375 0.21953125 0.1703125
5 0.77890625 0.025 0.03828125 0.05
5 0.81953125 0.0265625 0.03671875 0.053125
5 0.8609375 0.025 0.04296875 0.05
6 0.3421875 0.0125 0.034375 0.025
6 0.3765625 0.01640625 0.03046875 0.0328125
6 0.4109375 0.01640625 0.03359375 0.0328125
8 0.47109375 0.01953125 0.0640625 0.0390625
8 0.55390625 0.02578125 0.06796875 0.04765625
0 0.6390625 0.02734375 0.07421875 0.0546875