1 0.463671875 0.535546875 0.681640625 0.221484375
6 0.23046875 0.471484375 0.09453125 0.04453125
6 0.22421875 0.57109375 0.081640625 0.04296875
6 0.69609375 0.500390625 0.0984375 0.04453125
4 0.464453125 0.484375 0.09765625 0.04609375
4 0.2265625 0.521875 0.09921875 0.04296875
8 0.249609375 0.523828125 0.005859375 0.00234375
8 0.4578125 0.53515625 0.093359375 0.042578125
2 0.4515625 0.58671875 0.18046875 0.05546875
2 0.6875 0.602734375 0.19140625 0.051171875
0 0.6921875 0.549609375 0.180078125 0.05546875