1 0.47578125 0.58828125 0.669921875 0.217578125
6 0.246484375 0.525390625 0.09296875 0.04375
6 0.240234375 0.623046875 0.08046875 0.0421875
6 0.704296875 0.55390625 0.096875 0.04375
4 0.4765625 0.537890625 0.09609375 0.0453125
4 0.24296875 0.575 0.09765625 0.0421875
8 0.265234375 0.5765625 0.00546875 0.00234375
8 0.469921875 0.587890625 0.091796875 0.041796875
2 0.463671875 0.63828125 0.17734375 0.0546875
2 0.695703125 0.654296875 0.187890625 0.050390625
0 0.700390625 0.60234375 0.176953125 0.0546875