1 0.48359375 0.561328125 0.6390625 0.2078125
6 0.265234375 0.5015625 0.088671875 0.041796875
6 0.258984375 0.594921875 0.0765625 0.040234375
6 0.701953125 0.52890625 0.0921875 0.041796875
4 0.484375 0.513671875 0.09140625 0.043359375
4 0.26171875 0.548828125 0.09296875 0.040234375
8 0.283203125 0.550390625 0.00546875 0.00234375
8 0.478125 0.561328125 0.0875 0.03984375
2 0.472265625 0.609375 0.169140625 0.05234375
2 0.69375 0.624609375 0.179296875 0.048046875
0 0.698046875 0.575 0.16875 0.051953125